DBMS,Rank_Nov-2024,Rank_Oct-2024,Rank_Nov-2023,Database Model,Score_Nov-2024,Score_Oct-2024,Score_Nov-2023,DBMS_insitelink,Multi_model_info,Developer,Description,Initial release,Current release,License,License_info,Cloud-based only,initial_release_recalc,current_release_recalc,license_recalc,cloud_based_only_recalc
Oracle,1.0,1.0,1.0,"Relational, Multi-model",1317.01,+7.57,+39.98,https://db-engines.com/en/system/Oracle,"Relational DBMS,Document store,Graph DBMS,RDF store,Spatial DBMS,Vector DBMS",Oracle,"Widely used,RDBMS",1980.0,"23c, September 2023",commercial,restricted free version is available,no,1980,2023,N,N
MySQL,2.0,2.0,2.0,"Relational, Multi-model",1017.8,-4.95,-97.44,https://db-engines.com/en/system/MySQL,"Relational DBMS,Document store,Spatial DBMS",Oracle,"Widely used open source,RDBMS",1995.0,"9.0.0, July 2024",Open Source,GPL version 2. Commercial licenses with extended functionallity are available,no,1995,2024,Y,N
Microsoft SQL Server,3.0,3.0,3.0,"Relational, Multi-model",799.81,-2.28,-111.61,https://db-engines.com/en/system/Microsoft+SQL+Server,"Relational DBMS,Document store,Graph DBMS,Spatial DBMS",Microsoft,Microsofts flagship relational DBMS,1989.0,"SQL Server 2022, November 2022",commercial,restricted free version is available,no,1989,2022,N,N
PostgreSQL,4.0,4.0,4.0,"Relational, Multi-model",654.34,+2.18,+17.48,https://db-engines.com/en/system/PostgreSQL,"Relational DBMS,Document store,Graph DBMS,Spatial DBMS,Vector DBMS",PostgreSQL Global Development Group,"Widely used open source,RDBMS",1989.0,"16.4, August 2024",Open Source,BSD,no,1989,2024,Y,N
MongoDB,5.0,5.0,5.0,"Document, Multi-model",400.93,-4.28,-27.62,https://db-engines.com/en/system/MongoDB,"Document store,Spatial DBMS,Search engine,Time Series DBMS,Vector DBMS","MongoDB, Inc",One of the most popular document stores available both as a fully managed cloud service and for deployment on self-managed infrastructure,2009.0,"7.0.5, January 2024",Open Source,MongoDB Inc.'s Server Side Public License v1. Prior versions were published under GNU AGPL v3.0. Commercial licenses are also available.,no,2009,2024,Y,N
Redis,6.0,6.0,6.0,"Key-value, Multi-model",148.64,-0.99,-11.38,https://db-engines.com/en/system/Redis,"Key-value store,Document store,Graph DBMS,Spatial DBMS,Search engine,Time Series DBMS,Vector DBMS","Redis project core team, inspired by Salvatore Sanfilippo","Popular in-memory data platform used as a cache, message broker, and database that can be deployed on-premises, across clouds, and hybrid environments",2009.0,"7.2.5, May 2024",Open Source,"source-available extensions (modules), commercial licenses for Redis Enterprise",no,2009,2024,Y,N
Snowflake,7.0,7.0,11.0,Relational,142.5,+1.90,+21.50,https://db-engines.com/en/system/Snowflake,,Snowflake Computing Inc.,Cloud-based data warehousing service for structured and semi-structured data,2014.0,,commercial,,yes,2014,,N,Y
Elasticsearch,8.0,8.0,7.0,Multi-model,131.64,-0.20,-7.98,https://db-engines.com/en/system/Elasticsearch,"Search engine,Vector DBMS,Document store,Spatial DBMS",Elastic,"A distributed, RESTful modern search and analytics engine based on,Apache Lucene",2010.0,"8.6, January 2023",Open Source,Elastic License,no,2010,2023,Y,N
IBM Db2,9.0,9.0,8.0,"Relational, Multi-model",121.74,-1.03,-14.26,https://db-engines.com/en/system/IBM+Db2,"Relational DBMS,Document store,RDF store,Spatial DBMS",IBM,"Common in IBM host environments, 2 different versions for host and Windows/Linux",1983.0,"12.1, October 2016",commercial,free version is available,no,1983,2016,N,N
SQLite,10.0,10.0,9.0,Relational,99.49,-2.43,-25.09,https://db-engines.com/en/system/SQLite,,Dwayne Richard Hipp,"Widely used embeddable, in-process,RDBMS",2000.0,"3.46.1  (13 August 2024), August 2024",Open Source,Public Domain,no,2000,2024,Y,N
Apache Cassandra,11.0,11.0,12.0,"Wide column, Multi-model",97.71,+0.10,-11.45,https://db-engines.com/en/system/Apache+Cassandra,"Wide column store,Vector DBMS",Apache Software Foundation,Wide-column store based on ideas of BigTable and DynamoDB,2008.0,"5.0-rc1, July 2024",Open Source,Apache version 2,no,2008,2024,Y,N
Microsoft Access,12.0,12.0,10.0,Relational,91.31,-0.84,-33.18,https://db-engines.com/en/system/Microsoft+Access,,Microsoft,Microsoft Access combines a backend RDBMS (JET / ACE Engine) with a GUI frontend for data manipulation and queries.,1992.0,"1902 (16.0.11328.20222), March 2019",commercial,Bundled with Microsoft Office,no,1992,2019,N,N
Splunk,13.0,13.0,14.0,Search engine,88.47,-2.81,-8.86,https://db-engines.com/en/system/Splunk,,Splunk Inc.,Analytics Platform for Big Data,2003.0,,commercial,Limited free edition and free developer edition available,no,2003,,N,N
Databricks,14.0,14.0,17.0,Multi-model,86.46,+0.87,+9.25,https://db-engines.com/en/system/Databricks,"Document store,Relational DBMS",Databricks,The Databricks Lakehouse Platform combines elements of data lakes and data warehouses to provide a unified view onto structured and unstructured data. It is based on Apache Spark.,2013.0,,commercial,,yes,2013,,N,Y
MariaDB,15.0,15.0,13.0,"Relational, Multi-model",82.7,-2.19,-19.39,https://db-engines.com/en/system/MariaDB,"Relational DBMS,Document store,Graph DBMS,Spatial DBMS","MariaDB Corporation Ab (MariaDB Enterprise),,MariaDB Foundation (community MariaDB Server)","MySQL,application compatible open source RDBMS, enhanced with high availability, security, interoperability and performance capabilities. MariaDB ColumnStore provides a column-oriented storage engine and MariaDB Xpand supports distributed SQL.",2009.0,"11.5.2, August 2024",Open Source,"GPL version 2, commercial enterprise subscription available",no,2009,2024,Y,N
Microsoft Azure SQL Database,16.0,16.0,15.0,"Relational, Multi-model",76.53,+2.00,-6.63,https://db-engines.com/en/system/Microsoft+Azure+SQL+Database,"Relational DBMS,Document store,Graph DBMS,Spatial DBMS",Microsoft,"Database as a Service offering with high compatibility to,Microsoft SQL Server",2010.0,V12,commercial,,yes,2010,,N,Y
Amazon DynamoDB,17.0,17.0,16.0,Multi-model,72.39,+0.55,-9.84,https://db-engines.com/en/system/Amazon+DynamoDB,"Document store,Key-value store",Amazon,"Hosted, scalable database service by Amazon with the data stored in Amazons cloud",2012.0,,commercial,free tier for a limited amount of database operations,yes,2012,,N,Y
Apache Hive,18.0,18.0,18.0,Relational,51.5,-1.07,-17.14,https://db-engines.com/en/system/Apache+Hive,,Apache Software Foundation,"data warehouse software for querying and managing large distributed datasets, built on Hadoop",2012.0,"3.1.3, April 2022",Open Source,Apache Version 2,no,2012,2022,Y,N
Google BigQuery,19.0,19.0,19.0,Relational,50.58,-0.60,-8.73,https://db-engines.com/en/system/Google+BigQuery,,Google,Large scale data warehouse service with append-only tables,2010.0,,commercial,,yes,2010,,N,Y
FileMaker,20.0,20.0,21.0,Relational,42.78,-1.61,-9.65,https://db-engines.com/en/system/FileMaker,,Claris,"FileMaker is a cross-platform,RDBMS,that includes a GUI frontend.",1983.0,"19.4.1, November 2021",commercial,,no,1983,2021,N,N
Neo4j,21.0,21.0,22.0,Graph,42.7,+0.19,-7.00,https://db-engines.com/en/system/Neo4j,,"Neo4j, Inc.","Scalable, ACID-compliant graph database designed with a high-performance distributed cluster architecture, available in self-hosted and cloud offerings",2007.0,"5.23, August 2024",Open Source,"GPL version3, commercial licenses available",no,2007,2024,Y,N
SAP HANA,22.0,22.0,23.0,"Relational, Multi-model",39.1,-2.11,-10.02,https://db-engines.com/en/system/SAP+HANA,"Relational DBMS,Document store,Graph DBMS,Spatial DBMS",SAP,"In-memory, column based data store. Available as appliance or cloud service",2010.0,"2.0 SPS07 (April 4, 2023), April 2023",commercial,,no,2010,2023,N,N
Teradata,23.0,23.0,20.0,"Relational, Multi-model",38.68,-2.02,-18.65,https://db-engines.com/en/system/Teradata,"Relational DBMS,Document store,Graph DBMS,Spatial DBMS,Time Series DBMS",Teradata,A hybrid cloud data analytics software platform (Teradata Vantage),1984.0,"Teradata Vantage 1.0 MU2, January 2019",commercial,,no,1984,2019,N,N
Apache Solr,24.0,24.0,24.0,"Search engine, Multi-model",32.42,-0.56,-12.20,https://db-engines.com/en/system/Apache+Solr,"Search engine,Spatial DBMS",Apache Software Foundation,"A widely used distributed, scalable,search engine,based on,Apache Lucene",2006.0,"9.6.1, May 2024",Open Source,Apache Version 2,no,2006,2024,Y,N
SAP Adaptive Server,25.0,25.0,25.0,"Relational, Multi-model",31.48,-0.92,-10.00,https://db-engines.com/en/system/SAP+Adaptive+Server,"Relational DBMS,Spatial DBMS","SAP, Sybase","The SAP (Sybase) Adaptive Server Enterprise (ASE) is an enterprise-class,RDBMS",1987.0,16.0,commercial,,no,1987,,N,N
Apache HBase,26.0,26.0,26.0,Wide column,25.25,-1.94,-8.91,https://db-engines.com/en/system/Apache+HBase,,Apache Software Foundation,Wide-column store based on Apache Hadoop and on concepts of BigTable,2008.0,"2.3.4, January 2021",Open Source,Apache version 2,no,2008,2021,Y,N
Microsoft Azure Cosmos DB,27.0,27.0,27.0,Multi-model,23.95,-0.55,-10.16,https://db-engines.com/en/system/Microsoft+Azure+Cosmos+DB,"Document store,Graph DBMS,Key-value store,Wide column store,Spatial DBMS",Microsoft,"Globally distributed, horizontally scalable, multi-model database service",2014.0,,commercial,,yes,2014,,N,Y
InfluxDB,28.0,28.0,28.0,"Time Series, Multi-model",21.47,-0.92,-7.55,https://db-engines.com/en/system/InfluxDB,"Time Series DBMS,Spatial DBMS",,"DBMS for storing time series, events and metrics",2013.0,"2.7.6, April 2024",Open Source,MIT-License; commercial enterprise version available,no,2013,2024,Y,N
PostGIS,29.0,29.0,29.0,"Spatial, Multi-model",19.62,-0.94,-7.29,https://db-engines.com/en/system/PostGIS,"Spatial DBMS,Relational DBMS",,"Spatial extension of,PostgreSQL",2005.0,"3.4.2, February 2024",Open Source,GPL v2.0,no,2005,2024,Y,N
Firebird,30.0,30.0,31.0,Relational,18.43,-0.59,-7.22,https://db-engines.com/en/system/Firebird,,Firebird Foundation,"Firebird is an open source,RDBMS,forked from Borland's,InterBase",2000.0,"5.0.1, August 2024",Open Source,Initial Developer's Public License,no,2000,2024,Y,N
OpenSearch,31.0,33.0,44.0,"Search engine, Multi-model",17.6,+0.29,+4.29,https://db-engines.com/en/system/OpenSearch,"Search engine,Vector DBMS",Amazon Web Services,"A distributed, RESTful search and analytics engine forked from,Elasticsearch,and based on,Apache Lucene",2021.0,"2.5.0, January 2023",Open Source,Apache Version 2.0,no,2021,2023,Y,N
Memcached,32.0,32.0,35.0,Key-value,16.99,-0.80,-2.81,https://db-engines.com/en/system/Memcached,,Danga Interactive,"In-memory key-value store, originally intended for caching",2003.0,"1.6.29, June 2024",Open Source,BSD license,no,2003,2024,Y,N
Microsoft Azure Synapse Analytics,33.0,31.0,30.0,Relational,16.84,-1.88,-9.95,https://db-engines.com/en/system/Microsoft+Azure+Synapse+Analytics,,Microsoft,"Elastic, large scale data warehouse service leveraging the broad eco-system of SQL Server",2016.0,,commercial,,yes,2016,,N,Y
Apache Spark (SQL),34.0,35.0,36.0,Relational,16.78,+0.06,-2.45,https://db-engines.com/en/system/Apache+Spark+%28SQL%29,,Apache Software Foundation,Apache Spark SQL is a component on top of 'Spark Core' for structured data processing,2014.0,"3.5.0 ( 2.13), September 2023",Open Source,Apache 2.0,no,2014,2023,Y,N
ClickHouse,35.0,37.0,39.0,"Relational, Multi-model",16.5,+0.25,+0.52,https://db-engines.com/en/system/ClickHouse,"Relational DBMS,Time Series DBMS",Clickhouse Inc.,"A high-performance, column-oriented SQL DBMS for online analytical processing (OLAP) that uses all available system resources to their full potential to process each analytical query as fast as possible. It is available as both an open-source software and a cloud offering.",2016.0,"v24.6.2.17-stable, July 2024",Open Source,Apache 2.0,no,2016,2024,Y,N
Couchbase,36.0,34.0,32.0,"Document, Multi-model",15.82,-1.29,-6.68,https://db-engines.com/en/system/Couchbase,"Document store,Key-value store,Spatial DBMS,Search engine,Time Series DBMS,Vector DBMS","Couchbase, Inc.","A distributed,document store,with integrated cache, a powerful search engine, in-built operational and analytical capabilities, and an embedded mobile database",2011.0,"Server: 7.2, June 2023; Mobile: 3.1, March 2022; Couchbase Capella (DBaaS), June 2023",Open Source,Business Source License (BSL 1.1); Commercial licenses also available,no,2011,2023,Y,N
Informix,37.0,36.0,34.0,"Relational, Multi-model",15.53,-0.75,-5.12,https://db-engines.com/en/system/Informix,"Relational DBMS,Document store,Spatial DBMS,Time Series DBMS","IBM, HCL Technologies","A secure embeddable database from IBM, positioned besides,IBM Db2,as a relatively low-cost product optimized for OLTP and Internet of Things data",1984.0,"14.10.FC5, November 2020",commercial,free developer edition available,no,1984,2020,N,N
Amazon Redshift,38.0,38.0,33.0,Relational,14.07,-1.03,-7.30,https://db-engines.com/en/system/Amazon+Redshift,,"Amazon (based on,PostgreSQL,)",Large scale data warehouse service for use with business intelligence tools,2012.0,,commercial,,yes,2012,,N,Y
Firebase Realtime Database,39.0,39.0,38.0,Document,13.43,-0.16,-4.34,https://db-engines.com/en/system/Firebase+Realtime+Database,,Google,"Cloud-hosted realtime,document store,. iOS, Android, and JavaScript clients share one Realtime Database instance and automatically receive updates with the newest data.",2012.0,,commercial,,yes,2012,,N,Y
Apache Impala,40.0,41.0,37.0,"Relational, Multi-model",10.22,+0.14,-8.02,https://db-engines.com/en/system/Apache+Impala,"Relational DBMS,Document store",Apache Software Foundation,Analytic DBMS for Hadoop,2013.0,"4.1.0, June 2022",Open Source,Apache Version 2,no,2013,2022,Y,N
Apache Flink,41.0,40.0,45.0,Relational,9.9,-1.02,-3.35,https://db-engines.com/en/system/Apache+Flink,,Apache Software Foundation and contributors,"A framework and distributed processing engine for stateful computations over unbounded and bounded data streams, delivering full database capabilities with the addition of Table Store.",,"1.20.0, August 2024",Open Source,,no,,2024,Y,N
Vertica,42.0,42.0,41.0,"Relational, Multi-model",9.38,-0.65,-4.39,https://db-engines.com/en/system/Vertica,"Relational DBMS,Spatial DBMS,Time Series DBMS",OpenText,"Cloud or off-cloud analytical database and query engine for structured and semi-structured streaming and batch data. Machine learning platform with built-in algorithms, data preparation capabilities, and model evaluation and management via SQL or Python.",2005.0,"12.0.3, January 2023",commercial,Limited community edition free,no,2005,2023,N,N
dBASE,43.0,43.0,42.0,Relational,8.32,-0.68,-5.35,https://db-engines.com/en/system/dBASE,,Asthon Tate,"dBase was one of the first databases with a development environment on PC's. Its latest version dBase V is still sold as dBase classic, which needs a DOS Emulation. The up-to-date product is dBase plus.",1979.0,"dBASE 2019, 2019",commercial,,no,1979,2019,N,N
Amazon Aurora,44.0,44.0,49.0,"Relational, Multi-model",7.66,-0.52,-2.03,https://db-engines.com/en/system/Amazon+Aurora,"Relational DBMS,Document store",Amazon,MySQL and PostgreSQL compatible cloud service by Amazon,2015.0,,commercial,,yes,2015,,N,Y
CouchDB,45.0,46.0,46.0,"Document, Multi-model",7.64,+0.11,-5.15,https://db-engines.com/en/system/CouchDB,"Document store,Spatial DBMS",Apache Software Foundation,"A native JSON -,document store,inspired by Lotus Notes, scalable from globally distributed server-clusters down to mobile phones.",2005.0,"3.3.3, December 2023",Open Source,Apache version 2,no,2005,2023,Y,N
etcd,46.0,51.0,52.0,Key-value,7.2,+0.03,-1.42,https://db-engines.com/en/system/etcd,,,"A distributed reliable,key-value store",,"3.4, August 2019",Open Source,Apache Version 2.0,no,,2019,Y,N
H2,47.0,49.0,50.0,"Relational, Multi-model",7.1,-0.22,-1.95,https://db-engines.com/en/system/H2,"Relational DBMS,Spatial DBMS",Thomas Mueller,"Full-featured RDBMS with a small footprint, either embedded into a Java application or used as a database server.",2005.0,"2.2.220, July 2023",Open Source,"dual-licence (Mozilla public license, Eclipse public license)",no,2005,2023,Y,N
Kdb,48.0,45.0,51.0,Multi-model,7.06,-0.66,-1.81,https://db-engines.com/en/system/Kdb,"Time Series DBMS,Vector DBMS,Relational DBMS","Kx Systems, a division of First Derivatives plc","High performance,Time Series DBMS",2000.0,"3.6, May 2018",commercial,free 32-bit version,no,2000,2018,N,N
Realm,49.0,53.0,53.0,Document,7.05,+0.01,-1.21,https://db-engines.com/en/system/Realm,,"Realm, acquired by MongoDB in May 2019","A DBMS built for use on mobile devices that’s a fast, easy to use alternative to,SQLite,and Core Data",2014.0,,Open Source,,no,2014,,Y,N
Prometheus,50.0,50.0,56.0,Time Series,6.92,-0.39,-0.90,https://db-engines.com/en/system/Prometheus,,,Open-source Time Series DBMS and monitoring system,2015.0,,Open Source,Apache 2.0,no,2015,,Y,N
Greenplum,51.0,47.0,48.0,"Relational, Multi-model",6.85,-0.54,-3.89,https://db-engines.com/en/system/Greenplum,"Relational DBMS,Document store,Spatial DBMS",Pivotal Software Inc.,"Analytic Database platform built on,PostgreSQL,. Full name is Pivotal Greenplum Database",2005.0,"7.0.0, September 2023",Open Source,Apache 2.0,no,2005,2023,Y,N
Netezza,52.0,48.0,43.0,Relational,6.7,-0.64,-6.90,https://db-engines.com/en/system/Netezza,,IBM,Data warehouse and analytics appliance part of IBM PureSystems,2000.0,,commercial,,no,2000,,N,N
Presto,53.0,52.0,40.0,Relational,6.56,-0.49,-7.21,https://db-engines.com/en/system/Presto,,Facebook; Presto Foundation,Distributed SQL Query Engine for Big Data,2013.0,,Open Source,Apache 2.0,no,2013,,Y,N
Google Cloud Firestore,54.0,54.0,47.0,Document,6.53,+0.07,-4.48,https://db-engines.com/en/system/Google+Cloud+Firestore,,Google,"Cloud Firestore is an auto-scaling document database for storing, syncing, and querying data for mobile and web apps. It offers seamless integration with other Firebase and Google Cloud Platform products.",2017.0,,commercial,,yes,2017,,N,Y
DuckDB,55.0,57.0,93.0,Relational,6.08,+0.10,+2.06,https://db-engines.com/en/system/DuckDB,,,"An embeddable, in-process, column-oriented SQL OLAP,RDBMS",2018.0,"1.0.0, June 2024",Open Source,MIT License,no,2018,2024,Y,N
Algolia,56.0,55.0,61.0,Search engine,5.99,-0.16,-0.85,https://db-engines.com/en/system/Algolia,,,"Fully customizable, hosted Search API",2012.0,,commercial,,yes,2012,,N,Y
Sphinx,57.0,58.0,69.0,Search engine,5.92,+0.00,-0.08,https://db-engines.com/en/system/Sphinx,,Sphinx Technologies Inc.,"Open source search engine for searching in data from different sources, e.g. relational databases",2001.0,"3.5.1, February 2023",Open Source,"GPL version 2, commercial licence available",no,2001,2023,Y,N
Oracle Essbase,58.0,56.0,57.0,Relational,5.69,-0.31,-2.09,https://db-engines.com/en/system/Oracle+Essbase,,Oracle,Multidimensional database platform for analytic applications,1998.0,"21.1, December 2020",commercial,,no,1998,2020,N,N
Microsoft Azure AI Search,59.0,59.0,66.0,"Search engine, Multi-model",5.51,-0.20,-0.92,https://db-engines.com/en/system/Microsoft+Azure+AI+Search,"Search engine,Vector DBMS",Microsoft,Search-as-a-service for web and mobile app development,2015.0,V1,commercial,,yes,2015,,N,Y
Hazelcast,60.0,61.0,55.0,"Key-value, Multi-model",5.46,-0.11,-2.61,https://db-engines.com/en/system/Hazelcast,"Key-value store,Document store",Hazelcast,A widely adopted in-memory data grid,2008.0,"5.3.6, November 2023",Open Source,Apache Version 2; commercial licenses available,no,2008,2023,Y,N
Trino,61.0,62.0,71.0,"Relational, Multi-model",5.35,-0.12,-0.60,https://db-engines.com/en/system/Trino,"Relational DBMS,Document store,Key-value store,Spatial DBMS,Search engine,Time Series DBMS,Wide column store",Trino Software Foundation,"Fast distributed SQL query engine for big data analytics. Forked from,Presto,and originally named PrestoSQL",2012.0,,Open Source,Apache Version 2.0,no,2012,,Y,N
Aerospike,62.0,60.0,59.0,Multi-model,5.32,-0.25,-1.90,https://db-engines.com/en/system/Aerospike,"Document store,Graph DBMS,Key-value store,Spatial DBMS,Vector DBMS",Aerospike,Flash-optimized In-memory NoSQL Database,2012.0,"7.1, May 2024",Open Source,Apache and AGPL Licenses; open sourced in June 2014; commercial Enterprise Edition available,no,2012,2024,Y,N
Datastax Enterprise,63.0,66.0,58.0,"Wide column, Multi-model",4.91,+0.17,-2.35,https://db-engines.com/en/system/Datastax+Enterprise,"Wide column store,Document store,Graph DBMS,Spatial DBMS,Search engine,Vector DBMS",DataStax,"DataStax Enterprise (DSE) is the always-on, scalable data platform built on,Apache Cassandra,and designed for hybrid Cloud. DSE integrates graph, search, analytics, administration, developer tooling, and monitoring into a unified platform.",2011.0,"6.8, April 2020",commercial,,no,2011,2020,N,N
Graphite,64.0,63.0,78.0,Time Series,4.91,-0.10,-0.31,https://db-engines.com/en/system/Graphite,,Chris Davis,Data logging and graphing tool for time series data,2006.0,,Open Source,Apache 2.0,no,2006,,Y,N
Ehcache,65.0,65.0,62.0,Key-value,4.52,-0.24,-2.25,https://db-engines.com/en/system/Ehcache,,"Terracotta Inc, owned by Software AG",A widely adopted Java cache with tiered storage options,2009.0,"3.10.0, March 2022",Open Source,Apache Version 2; commercial licenses available,no,2009,2022,Y,N
Apache Jackrabbit,66.0,67.0,70.0,Content,4.39,-0.29,-1.59,https://db-engines.com/en/system/Apache+Jackrabbit,,Apache Software Foundation,,2006.0,"2.20.6, July 2022",Open Source,,no,2006,2022,Y,N
MarkLogic,67.0,68.0,54.0,Multi-model,4.28,-0.10,-3.89,https://db-engines.com/en/system/MarkLogic,"Document store,Native XML DBMS,RDF store,Search engine",MarkLogic Corp.,Operational and transactional Enterprise NoSQL database,2001.0,"11.0, December 2022",commercial,restricted free version is available,no,2001,2022,N,N
CockroachDB,68.0,64.0,64.0,Relational,4.24,-0.60,-2.32,https://db-engines.com/en/system/CockroachDB,,Cockroach Labs,"CockroachDB is a distributed database architected for modern cloud applications. It is wire compatible with PostgreSQL and backed by a,Key-Value Store,, which is either,RocksDB,or a purpose-built derivative, called Pebble.",2015.0,"24.1.0, May 2024",Open Source,"Apache 2.0, commercial license available",no,2015,2024,Y,N
SingleStore,69.0,70.0,72.0,"Relational, Multi-model",4.22,+0.12,-1.50,https://db-engines.com/en/system/SingleStore,"Relational DBMS,Document store,Spatial DBMS,Time Series DBMS,Vector DBMS",SingleStore Inc.,"MySQL wire-compliant distributed,RDBMS,that combines an in-memory row-oriented and a disc-based column-oriented storage with patented universal storage to handle transactional and analytical workloads in one single table type",2013.0,"8.5, January 2024",commercial,free developer edition available,no,2013,2024,N,N
Google Cloud Datastore,70.0,71.0,77.0,Document,3.98,-0.06,-1.36,https://db-engines.com/en/system/Google+Cloud+Datastore,,Google,Automatically scaling NoSQL Database as a Service (DBaaS) on the Google Cloud Platform,2008.0,,commercial,,yes,2008,,N,Y
Apache Derby,71.0,69.0,63.0,Relational,3.92,-0.20,-2.73,https://db-engines.com/en/system/Apache+Derby,,Apache Software Foundation,"Full-featured RDBMS with a small footprint, either embedded into a Java application or used as a database server.",1997.0,"10.17.1.0, November 2023",Open Source,Apache version 2,no,1997,2023,Y,N
ScyllaDB,72.0,75.0,65.0,"Wide column, Multi-model",3.88,+0.14,-2.68,https://db-engines.com/en/system/ScyllaDB,"Wide column store,Key-value store",ScyllaDB,Cassandra and DynamoDB compatible wide column store,2015.0,"ScyllaDB Open Source 6.2.0, October 2024",Open Source,"Open Source (AGPL), commercial license available",no,2015,2024,Y,N
Virtuoso,73.0,72.0,74.0,Multi-model,3.87,-0.04,-1.75,https://db-engines.com/en/system/Virtuoso,"Document store,Graph DBMS,Native XML DBMS,Relational DBMS,RDF store,Search engine,Spatial DBMS",OpenLink Software,Virtuoso is a multi-model hybrid-RDBMS that supports management of data represented as relational tables and/or property graphs,1998.0,"7.2.11, September 2023",Open Source,"GPLv2, extended commercial license available",no,1998,2023,Y,N
TimescaleDB,74.0,74.0,75.0,"Time Series, Multi-model",3.68,-0.12,-1.85,https://db-engines.com/en/system/TimescaleDB,"Time Series DBMS,Relational DBMS",Timescale,"A,time series DBMS,optimized for fast ingest and complex queries, based on,PostgreSQL",2017.0,"2.15.0, May 2024",Open Source,Apache 2.0,no,2017,2024,Y,N
Riak KV,75.0,73.0,81.0,Key-value,3.67,-0.16,-1.17,https://db-engines.com/en/system/Riak+KV,,"OpenSource, formerly Basho Technologies","Distributed, fault tolerant key-value store",2009.0,"3.2.0, December 2022",Open Source,"Apache version 2, commercial enterprise edition",no,2009,2022,Y,N
TiDB,76.0,77.0,88.0,"Relational, Multi-model",3.63,-0.03,-0.53,https://db-engines.com/en/system/TiDB,"Relational DBMS,Document store","PingCAP, Inc.","TiDB is an open source distributed SQL database that supports Hybrid Transactional/Analytical Processing (HTAP) workloads. It is MySQL compatible and features horizontal scalability, strong consistency, and high availability.",2016.0,"8.2.0, July 2024",Open Source,Apache 2.0,no,2016,2024,Y,N
Interbase,77.0,76.0,67.0,Relational,3.62,-0.10,-2.49,https://db-engines.com/en/system/Interbase,,Embarcadero,Light-weight proven RDBMS,1984.0,"InterBase 2020, December 2019",commercial,,no,1984,2019,N,N
OpenEdge,78.0,78.0,92.0,Relational,3.56,-0.08,-0.48,https://db-engines.com/en/system/OpenEdge,,Progress Software Corporation,Application development environment with integrated database management system,1984.0,"OpenEdge 12.2, March 2020",commercial,,no,1984,2020,N,N
Ingres,79.0,80.0,73.0,Relational,3.47,-0.05,-2.21,https://db-engines.com/en/system/Ingres,,Actian Corporation,"Well established,RDBMS",1974.0,"12.0, July 2024",commercial,,no,1974,2024,N,N
Oracle NoSQL,80.0,83.0,91.0,Multi-model,3.25,-0.02,-0.81,https://db-engines.com/en/system/Oracle+NoSQL,"Document store,Key-value store,Relational DBMS",Oracle,"A multi-model, scalable, distributed NoSQL database, designed to provide highly reliable, flexible, and available data management across a configurable set of storage nodes",2011.0,"24.1, May 2024",Open Source,"Proprietary for Enterprise Edition (Oracle Database EE license has Oracle NoSQL database EE covered:,details,)",no,2011,2024,Y,N
SAP SQL Anywhere,81.0,79.0,76.0,Relational,3.24,-0.40,-2.22,https://db-engines.com/en/system/SAP+SQL+Anywhere,,SAP,"RDBMS database and synchronization technologies for server, desktop, remote office, and mobile environments",1992.0,"17, July 2015",commercial,,no,1992,2015,N,N
Microsoft Azure Table Storage,82.0,84.0,68.0,Wide column,3.09,-0.16,-2.99,https://db-engines.com/en/system/Microsoft+Azure+Table+Storage,,Microsoft,"A,Wide Column Store,for rapid development using massive semi-structured datasets",2012.0,,commercial,,yes,2012,,N,Y
ArangoDB,83.0,81.0,83.0,Multi-model,3.09,-0.35,-1.45,https://db-engines.com/en/system/ArangoDB,"Document store,Graph DBMS,Key-value store,Search engine",ArangoDB Inc.,"Native multi-model DBMS for graph, document, key/value and search. All in one engine and accessible with one query language.",2012.0,"3.11.5, November 2023",Open Source,Apache Version 2; Commercial license (Enterprise) available,no,2012,2023,Y,N
Pinecone,84.0,87.0,105.0,Vector,3.09,+0.03,-0.23,https://db-engines.com/en/system/Pinecone,,"Pinecone Systems, Inc","A managed, cloud-native vector database",2019.0,,commercial,,yes,2019,,N,Y
Apache Accumulo,85.0,82.0,89.0,Wide column,3.08,-0.23,-1.06,https://db-engines.com/en/system/Apache+Accumulo,,,,2008.0,"2.1.0 (November 1, 2022), 2022",Open Source,,no,2008,2022,Y,N
HyperSQL,86.0,86.0,79.0,Relational,3.08,-0.03,-1.81,https://db-engines.com/en/system/HyperSQL,,,"Multithreaded, transactional,RDBMS,written in Java",2001.0,"2.7.2, June 2023",Open Source,based on BSD license,no,2001,2023,Y,N
Microsoft Azure Data Explorer,87.0,85.0,60.0,"Relational, Multi-model",3.0,-0.13,-4.00,https://db-engines.com/en/system/Microsoft+Azure+Data+Explorer,"Relational DBMS,Document store,Event Store,Spatial DBMS,Search engine,Time Series DBMS",Microsoft,Fully managed big data interactive analytics platform,2019.0,cloud service with continuous releases,commercial,,yes,2019,,N,Y
OrientDB,88.0,89.0,96.0,Multi-model,2.97,-0.06,-0.81,https://db-engines.com/en/system/OrientDB,"Document store,Graph DBMS,Key-value store",OrientDB LTD; CallidusCloud; SAP,"Multi-model DBMS (Document, Graph, Key/Value)",2010.0,"3.2.29, March 2024",Open Source,Apache version 2,no,2010,2024,Y,N
RocksDB,89.0,88.0,90.0,Key-value,2.96,-0.09,-1.15,https://db-engines.com/en/system/RocksDB,,"Facebook, Inc.",Embeddable persistent key-value store optimized for fast storage (flash and RAM),2013.0,"9.4.0, June 2024",Open Source,BSD,no,2013,2024,Y,N
Google Cloud Bigtable,90.0,93.0,87.0,Multi-model,2.93,+0.02,-1.34,https://db-engines.com/en/system/Google+Cloud+Bigtable,"Key-value store,Wide column store",Google,"Google's NoSQL Big Data database service. It's the same database that powers many core Google services, including Search, Analytics, Maps, and Gmail.",2015.0,,commercial,,yes,2015,,N,Y
Apache Ignite,91.0,92.0,86.0,Multi-model,2.92,-0.02,-1.43,https://db-engines.com/en/system/Apache+Ignite,"Key-value store,Relational DBMS",Apache Software Foundation,"Apache Ignite is a memory-centric distributed database, caching, and processing platform for transactional, analytical, and streaming workloads, delivering in-memory speeds at petabyte scale.",2015.0,"2.16.0, December 2023",Open Source,Apache 2.0,no,2015,2023,Y,N
QuestDB,92.0,95.0,146.0,"Time Series, Multi-model",2.91,+0.07,+0.89,https://db-engines.com/en/system/QuestDB,"Time Series DBMS,Relational DBMS",QuestDB Technology Inc,"A high performance open source SQL database for,time series data",2014.0,,Open Source,Apache 2.0,no,2014,,Y,N
GraphDB,93.0,98.0,120.0,Multi-model,2.89,+0.12,+0.14,https://db-engines.com/en/system/GraphDB,"Graph DBMS,RDF store",Ontotext,"Enterprise-ready RDF and graph database with efficient reasoning, cluster and external index synchronization support. It supports also SQL JDBC access to Knowledge Graph and GraphQL over SPARQL.",2000.0,"10.4, October 2023",commercial,Some plugins of GraphDB Workbench are open sourced,no,2000,2023,N,N
Apache Jena - TDB,94.0,91.0,84.0,RDF,2.87,-0.13,-1.58,https://db-engines.com/en/system/Apache+Jena+-+TDB,,Apache Software Foundation,"A RDF storage and query DBMS, shipped as an optional-use component of the Apache Jena framework",2000.0,"4.9.0, July 2023",Open Source,"Apache License, Version 2.0",no,2000,2023,Y,N
Milvus,95.0,90.0,171.0,Vector,2.85,-0.17,+1.35,https://db-engines.com/en/system/Milvus,,,A DBMS designed for efficient storage of vector data and vector similarity searches,2019.0,"2.4.4, May 2024",Open Source,Apache Version 2.0,no,2019,2024,Y,N
InterSystems IRIS,96.0,94.0,118.0,Multi-model,2.76,-0.13,-0.04,https://db-engines.com/en/system/InterSystems+IRIS,"Document store,Key-value store,Object oriented DBMS,Relational DBMS",InterSystems,"A containerised multi-model DBMS, interoperability and analytics data platform with wide capabilities for vertical and horizontal scalability",2018.0,"2023.3, June 2023",commercial,,no,2018,2023,N,N
Memgraph,97.0,96.0,107.0,Graph,2.72,-0.09,-0.37,https://db-engines.com/en/system/Memgraph,,Memgraph Ltd,An open source graph database built for real-time streaming and compatible with Neo4j,2017.0,,Open Source,BSL 1.1; commercial license for enterprise edition available,no,2017,,Y,N
Apache Druid,98.0,97.0,108.0,Multi-model,2.7,-0.09,-0.39,https://db-engines.com/en/system/Apache+Druid,"Relational DBMS,Time Series DBMS",Apache Software Foundation and contributors,Open-source analytics data store designed for sub-second OLAP queries on high dimensionality and high cardinality data,2012.0,"30.0.0, June 2024",Open Source,Apache license v2,no,2012,2024,Y,N
RavenDB,99.0,100.0,98.0,"Document, Multi-model",2.7,+0.00,-0.85,https://db-engines.com/en/system/RavenDB,"Document store,Graph DBMS,Spatial DBMS,Time Series DBMS",Hibernating Rhinos,Open Source Operational and Transactional Enterprise NoSQL Document Database,2010.0,"5.4, July 2022",Open Source,"AGPL version 3, commercial license available",no,2010,2022,Y,N
Google Cloud Spanner,100.0,101.0,97.0,Relational,2.7,+0.01,-0.89,https://db-engines.com/en/system/Google+Cloud+Spanner,,Google,"A horizontally scalable, globally consistent, relational database service. It is the externalization of the core Google database that runs the biggest aspects of Google, like Ads and Google Play.",2017.0,,commercial,,yes,2017,,N,Y
IBM Cloudant,101.0,99.0,101.0,Document,2.64,-0.12,-0.75,https://db-engines.com/en/system/IBM+Cloudant,,"IBM, Apache Software Foundation","Database as a Service offering based on,Apache CouchDB",2010.0,,commercial,,yes,2010,,N,Y
DolphinDB,102.0,102.0,94.0,Multi-model,2.6,-0.07,-1.40,https://db-engines.com/en/system/DolphinDB,"Time Series DBMS,Vector DBMS,Relational DBMS","DolphinDB, Inc","DolphinDB is a high performance,Time Series DBMS,. It is integrated with an easy-to-use fully featured programming language and a high-volume high-velocity streaming analytics system. It offers operational simplicity, scalability, fault tolerance, and concurrency.",2018.0,"v2.00.4, January 2022",commercial,free community version available,no,2018,2022,N,N
GemFire,103.0,104.0,95.0,"Key-value, Multi-model",2.56,-0.04,-1.41,https://db-engines.com/en/system/GemFire,"Key-value store,Document store",VMware,"An enterprise grade, high speed in-memory data and compute grid for high-performance, low latency applications where data must be consistent across multiple data centers",2004.0,"9.15, June 2022",commercial,,no,2004,2022,N,N
Adabas,104.0,103.0,80.0,Multivalue,2.54,-0.07,-2.31,https://db-engines.com/en/system/Adabas,,Software AG,OLTP - DBMS for mainframes and Linux/Unix/Windows environments,1971.0,,commercial,,no,1971,,N,N
RethinkDB,105.0,105.0,111.0,"Document, Multi-model",2.52,-0.04,-0.45,https://db-engines.com/en/system/RethinkDB,"Document store,Spatial DBMS",The Linux Foundation,DBMS for the Web with a mechanism to push updated query results to applications in realtime.,2009.0,"2.4.1, August 2020",Open Source,Apache Version 2,no,2009,2020,Y,N
SAP IQ,106.0,106.0,82.0,Relational,2.5,-0.03,-2.11,https://db-engines.com/en/system/SAP+IQ,,"SAP, formerly Sybase",Columnar RDBMS optimized for Big Data analytics,1994.0,"16.1 SPS04, April 2019",commercial,,no,1994,2019,N,N
YugabyteDB,107.0,108.0,103.0,"Relational, Multi-model",2.36,-0.09,-1.00,https://db-engines.com/en/system/YugabyteDB,"Relational DBMS,Document store,Wide column store",Yugabyte Inc.,"High-performance distributed SQL database for global, internet-scale applications. Wire and feature compatible with,PostgreSQL,.",2017.0,"2.19, September 2023",Open Source,Apache 2.0,no,2017,2023,Y,N
"UniData,UniVerse",108.0,109.0,85.0,Multivalue,2.35,-0.09,-2.03,https://db-engines.com/en/system/UniData%2CUniVerse,,Rocket Software,MultiValue database and application server with SQL mapping layer and meta database capabilities,1985.0,,commercial,,no,1985,,N,N
Coveo,109.0,113.0,123.0,Search engine,2.32,+0.08,-0.34,https://db-engines.com/en/system/Coveo,,Coveo,"AI-powered hosted search, recommendation and personalization platform providing tools for both low-code and full-code development",2012.0,,commercial,,yes,2012,,N,Y
TDengine,110.0,107.0,117.0,"Time Series, Multi-model",2.27,-0.19,-0.57,https://db-engines.com/en/system/TDengine,"Time Series DBMS,Relational DBMS","TDEngine, previously Taos Data",Time Series DBMS and big data platform,2019.0,"3.0, August 2022",Open Source,"AGPL V3, also commercial editions available",no,2019,2022,Y,N
LevelDB,111.0,110.0,104.0,Key-value,2.26,-0.13,-1.07,https://db-engines.com/en/system/LevelDB,,Google,"Embeddable fast,key-value storage,library that provides an ordered mapping from string keys to string values",2011.0,"1.23, February 2021",Open Source,BSD,no,2011,2021,Y,N
Infinispan,112.0,111.0,99.0,Key-value,2.22,-0.11,-1.32,https://db-engines.com/en/system/Infinispan,,,,2009.0,"14.0.7.Final, March 2023",Open Source,Apache Version 2,no,2009,2023,Y,N
Amazon Neptune,113.0,115.0,127.0,Multi-model,2.17,0.00,-0.32,https://db-engines.com/en/system/Amazon+Neptune,"Graph DBMS,RDF store",Amazon,"Fast, reliable graph database built for the cloud",2017.0,,commercial,,yes,2017,,N,Y
4D,114.0,112.0,109.0,Relational,2.13,-0.14,-0.92,https://db-engines.com/en/system/4D,,"4D, Inc",Application development environment with integrated database management system,1984.0,"v20, April 2023",commercial,,no,1984,2023,N,N
MaxDB,115.0,116.0,100.0,Relational,2.11,-0.01,-1.32,https://db-engines.com/en/system/MaxDB,,"SAP, acquired from Software AG (Adabas-D) in 1997","A robust and reliable,RDBMS,optimized to run all major SAP solutions",1984.0,"7.9.10.12, February 2024",commercial,Limited community edition free,no,1984,2024,N,N
PouchDB,116.0,114.0,114.0,Document,2.08,-0.10,-0.85,https://db-engines.com/en/system/PouchDB,,Apache Software Foundation,"JavaScript DBMS with an API inspired by,CouchDB",2012.0,"7.1.1, June 2019",Open Source,,no,2012,2019,Y,N
Percona Server for MySQL,117.0,118.0,131.0,Relational,2.08,+0.04,-0.28,https://db-engines.com/en/system/Percona+Server+for+MySQL,,Percona,"Enhanced drop-in replacement for,MySQL,based on XtraDB or TokuDB storage engines with improved performance and additional diagnostic and management features.",2008.0,"8.0.36-28, 2024",Open Source,GPL version 2,no,2008,2024,Y,N
OceanBase,118.0,119.0,157.0,"Relational, Multi-model",2.02,-0.02,+0.23,https://db-engines.com/en/system/OceanBase,"Relational DBMS,Document store,Wide column store",OceanBase,"A distributed, high available,RDBMS,compatible with,Oracle,and,MySQL",2010.0,"4.3.0, April 2024",Open Source,Commercial license available,no,2010,2024,Y,N
Citus,119.0,117.0,121.0,"Relational, Multi-model",1.96,-0.10,-0.74,https://db-engines.com/en/system/Citus,"Relational DBMS,Document store",,Scalable hybrid operational and analytics RDBMS for big data use cases based on PostgreSQL,2010.0,"8.1, December 2018",Open Source,"AGPL, commercial license also available",no,2010,2018,Y,N
Apache Phoenix,120.0,120.0,115.0,Relational,1.93,+0.01,-0.93,https://db-engines.com/en/system/Apache+Phoenix,,Apache Software Foundation,A scale-out RDBMS with evolutionary schema built on Apache HBase,2014.0,"5.0-HBase2, July 2018 and 4.15-HBase1, December 2019",Open Source,Apache Version 2.0,no,2014,2019,Y,N
Oracle Berkeley DB,121.0,127.0,102.0,Multi-model,1.91,+0.05,-1.47,https://db-engines.com/en/system/Oracle+Berkeley+DB,"Key-value store,Native XML DBMS",Oracle,Widely used in-process key-value store,1994.0,"18.1.40, May 2020",Open Source,commercial license available,no,1994,2020,Y,N
GridDB,122.0,123.0,147.0,"Time Series, Multi-model",1.91,+0.01,-0.08,https://db-engines.com/en/system/GridDB,"Time Series DBMS,Key-value store,Relational DBMS",Toshiba Corporation,Scalable in-memory time series database optimized for IoT and Big Data,2013.0,"5.1, August 2022",Open Source,"AGPL version 3 and Apache License, version 2.0 , commercial license (standard and advanced editions) also available",no,2013,2022,Y,N
LMDB,123.0,121.0,125.0,Key-value,1.9,-0.02,-0.64,https://db-engines.com/en/system/LMDB,,Symas,"A high performant, light-weight, embedded key-value database library",2011.0,"0.9.32, January 2024",Open Source,,no,2011,2024,Y,N
Amazon DocumentDB,124.0,124.0,142.0,Document,1.88,+0.00,-0.23,https://db-engines.com/en/system/Amazon+DocumentDB,,,"Fast, scalable, highly available, and fully managed,MongoDB,-compatible database service",2019.0,,commercial,,yes,2019,,N,Y
Apache Drill,125.0,128.0,113.0,Multi-model,1.84,-0.02,-1.10,https://db-engines.com/en/system/Apache+Drill,"Document store,Relational DBMS",Apache Software Foundation,"Schema-free SQL Query Engine for Hadoop, NoSQL and Cloud Storage",2012.0,"1.20.3, January 2023",Open Source,Apache Version 2,no,2012,2023,Y,N
CloudKit,126.0,129.0,110.0,Document,1.83,-0.02,-1.17,https://db-engines.com/en/system/CloudKit,,,,2016.0,,commercial,,yes,2016,,N,Y
Chroma,127.0,125.0,140.0,Vector,1.81,-0.06,-0.35,https://db-engines.com/en/system/Chroma,,Chroma,Chroma is an open-source vector DBMS.,,,Open Source,Apache-2.0 license,no,,,Y,N
Oracle Coherence,128.0,130.0,128.0,Key-value,1.81,-0.03,-0.67,https://db-engines.com/en/system/Oracle+Coherence,,Oracle,Oracles in-memory data grid solution,2007.0,"14.1, August 2023",commercial,,no,2007,2023,N,N
NebulaGraph,129.0,126.0,126.0,Graph,1.79,-0.08,-0.75,https://db-engines.com/en/system/NebulaGraph,,Vesoft Inc.,"A distributed, linear scalable, high perfomant,Graph DBMS",2019.0,,Open Source,Apache Version 2.0 + Common Clause 1.0,no,2019,,Y,N
Stardog,130.0,122.0,133.0,Multi-model,1.78,-0.13,-0.52,https://db-engines.com/en/system/Stardog,"Graph DBMS,RDF store",Stardog-Union,"Enterprise Knowledge Graph platform and graph DBMS with high availability, high performance reasoning, and virtualization",2010.0,"7.3.0, May 2020",commercial,60-day fully-featured trial license; 1-year fully-featured non-commercial use license for academics/students,no,2010,2020,N,N
JanusGraph,131.0,134.0,143.0,Graph,1.78,0.00,-0.32,https://db-engines.com/en/system/JanusGraph,,"Linux Foundation; originally developed as,Titan,by Aurelius",A Graph DBMS optimized for distributed clusters,2017.0,"1.0.0, October 2023",Open Source,Apache 2.0,no,2017,2023,Y,N
Qdrant,132.0,136.0,202.0,Vector,1.77,+0.07,+0.65,https://db-engines.com/en/system/Qdrant,,Qdrant,A high-performance vector database with neural network or semantic-based matching,2021.0,,Open Source,Apache Version 2.0,no,2021,,Y,N
Amazon CloudSearch,133.0,132.0,132.0,Search engine,1.74,-0.08,-0.57,https://db-engines.com/en/system/Amazon+CloudSearch,,Amazon,A hosted search engine service by Amazon with the data stored in Amazons cloud,2012.0,,commercial,,yes,2012,,N,Y
Amazon SimpleDB,134.0,131.0,130.0,Key-value,1.74,-0.08,-0.69,https://db-engines.com/en/system/Amazon+SimpleDB,,Amazon,"Hosted simple database service by Amazon, with the data stored in the Amazon Cloud.",2007.0,,commercial,,yes,2007,,N,Y
EDB Postgres,135.0,133.0,116.0,"Relational, Multi-model",1.71,-0.09,-1.15,https://db-engines.com/en/system/EDB+Postgres,"Relational DBMS,Document store,Spatial DBMS",EnterpriseDB,"The EDB Postgres Platform is an enterprise-class data management platform based on the open source database,PostgreSQL,with flexible deployment options and,Oracle,compatibility features, complemented by tool kits for management, integration, and migration.",2005.0,"14, December 2021",commercial,BSD for PostgreSQL-components,no,2005,2021,N,N
RRDtool,136.0,137.0,119.0,Time Series,1.7,+0.02,-1.09,https://db-engines.com/en/system/RRDtool,,Tobias Oetiker,Industry standard data logging and graphing tool for time series data. RRD is an acronym for round-robin database.,1999.0,"1.8.0, 2022",Open Source,GPL V2 and FLOSS,no,1999,2022,Y,N
MonetDB,137.0,135.0,137.0,"Relational, Multi-model",1.64,-0.06,-0.58,https://db-engines.com/en/system/MonetDB,"Relational DBMS,Document store,Spatial DBMS",MonetDB BV,A relational database management system that stores data in columns,2004.0,"Dec2023 (11.49), December 2023",Open Source,Mozilla Public License 2.0,no,2004,2023,Y,N
EXASOL,138.0,139.0,112.0,Relational,1.62,-0.02,-1.33,https://db-engines.com/en/system/EXASOL,,Exasol,"High-performance, in-memory, MPP database specifically designed for in-memory analytics.",2000.0,,commercial,,no,2000,,N,N
Empress,139.0,140.0,141.0,Relational,1.53,-0.10,-0.62,https://db-engines.com/en/system/Empress,,,,1981.0,"v10.20-E, January 2010",commercial,,no,1981,2010,N,N
BaseX,140.0,141.0,139.0,Native XML,1.52,-0.08,-0.67,https://db-engines.com/en/system/BaseX,,BaseX GmbH,"Light-weight,Native XML DBMS,with support for XQuery 3.0 and interactive GUI.",2007.0,"11.2, August 2024",Open Source,BSD license,no,2007,2024,Y,N
OpenTSDB,141.0,143.0,155.0,Time Series,1.51,-0.06,-0.36,https://db-engines.com/en/system/OpenTSDB,,currently maintained by Yahoo and other contributors,Scalable Time Series DBMS based on HBase,2011.0,,Open Source,LGPL,no,2011,,Y,N
IMS,142.0,144.0,124.0,Navigational,1.51,-0.05,-1.14,https://db-engines.com/en/system/IMS,,IBM,,1966.0,"15, October 2017",commercial,,no,1966,2017,N,N
Tarantool,143.0,142.0,151.0,Multi-model,1.5,-0.08,-0.44,https://db-engines.com/en/system/Tarantool,"Document store,Key-value store,Relational DBMS,Spatial DBMS",VK,In-memory computing platform with a flexible data schema for efficiently building high-performance applications,2008.0,"2.10.0, May 2022",Open Source,"BSD-2, source-available extensions (modules), commercial licenses for Tarantool Enterprise",no,2008,2022,Y,N
SpatiaLite,144.0,146.0,136.0,"Spatial, Multi-model",1.5,-0.02,-0.73,https://db-engines.com/en/system/SpatiaLite,"Spatial DBMS,Relational DBMS",Alessandro Furieri,"Spatial extension of,SQLite",2008.0,"5.0.0, August 2020",Open Source,"MPL 1.1, GPL v2.0 or LGPL v2.1",no,2008,2020,Y,N
Datomic,145.0,148.0,135.0,Relational,1.47,-0.02,-0.81,https://db-engines.com/en/system/Datomic,,Cognitect,"Datomic builds on immutable values, supports point-in-time queries and uses 3rd party systems for durability",2012.0,"1.0.7180, July 2024",commercial,limited edition free,no,2012,2024,N,N
Firebolt,146.0,152.0,134.0,Relational,1.46,+0.02,-0.83,https://db-engines.com/en/system/Firebolt,,Firebolt Analytics Inc.,Highly scalable cloud data warehouse and analytics product,2020.0,,commercial,,yes,2020,,N,Y
Weaviate,147.0,138.0,150.0,Vector,1.45,-0.20,-0.49,https://db-engines.com/en/system/Weaviate,,Weaviate B.V.,An AI-native realtime vector database engine that integrates scalable machine learning models.,2019.0,"1.19, May 2023",Open Source,commercial license available with Weaviate Enterprise,no,2019,2023,Y,N
Fauna,148.0,147.0,158.0,Multi-model,1.43,-0.07,-0.35,https://db-engines.com/en/system/Fauna,"Document store,Graph DBMS,Relational DBMS,Time Series DBMS","Fauna, Inc.","Fauna provides a web-native interface, with support for GraphQL and custom business logic that integrates seamlessly with the rest of the serverless ecosystem. The underlying globally distributed storage and compute platform is fast, consistent, and reliable, with a modern security infrastructure.",2014.0,,commercial,,yes,2014,,N,Y
Geode,149.0,151.0,129.0,Key-value,1.42,-0.02,-1.02,https://db-engines.com/en/system/Geode,,Originally developed by Gemstone. They outsourced the project to Apache in 2015 but still deliver a commercial version as Gemfire.,"Geode is a distributed data container, pooling memory, CPU, network resources, and optionally local disk across multiple processes",2002.0,"1.1, February 2017",Open Source,Apache Version 2; commercial licenses available as Gemfire,no,2002,2017,Y,N
GridGain,150.0,149.0,152.0,Multi-model,1.42,-0.07,-0.50,https://db-engines.com/en/system/GridGain,"Columnar,Key-value store,Object oriented DBMS,Relational DBMS","GridGain Systems, Inc.","GridGain is an in-memory computing platform, built on Apache Ignite",2007.0,GridGain 8.5.1,"commercial, open source",,no,2007,,"commercial, open source",N
Apache IoTDB,151.0,155.0,201.0,Time Series,1.41,+0.02,+0.29,https://db-engines.com/en/system/Apache+IoTDB,,Apache Software Foundation,"An IoT native database with high performance for data management and analysis, deployable on the edge and the cloud and integrated with Hadoop, Spark and Flink",2018.0,"1.1.0, April 2023",Open Source,Apache Version 2.0,no,2018,2023,Y,N
TigerGraph,152.0,150.0,148.0,Graph,1.4,-0.05,-0.58,https://db-engines.com/en/system/TigerGraph,,,"A complete, distributed, parallel graph computing platform supporting web-scale data analytics in real-time",2017.0,,commercial,,no,2017,,N,N
Tibero,153.0,145.0,145.0,Relational,1.4,-0.16,-0.63,https://db-engines.com/en/system/Tibero,,TmaxSoft,"A secure RDBMS, designed for easy portability from Oracle",2003.0,"7, September 2022",commercial,,no,2003,2022,N,N
jBASE,154.0,158.0,138.0,Multivalue,1.39,+0.06,-0.81,https://db-engines.com/en/system/jBASE,,Rocket Software (formerly Zumasys),A robust multi-value DBMS comprising development tools and middleware,1991.0,5.7,commercial,,no,1991,,N,N
VoltDB,155.0,156.0,163.0,Relational,1.34,-0.03,-0.37,https://db-engines.com/en/system/VoltDB,,VoltDB Inc.,"Distributed In-Memory NewSQL,RDBMS",2010.0,"11.3, April 2022",Open Source,"AGPL for Community Edition, commercial license for Enterprise, AWS, and Pro Editions",no,2010,2022,Y,N
HEAVY.AI,156.0,153.0,106.0,"Relational, Multi-model",1.34,-0.06,-1.75,https://db-engines.com/en/system/HEAVY.AI,"Relational DBMS,Spatial DBMS","HEAVY.AI, Inc.","A high performance, column-oriented,RDBMS,, specifically developed to harness the massive parallelism of modern CPU and GPU hardware",2016.0,"5.10, January 2022",Open Source,Apache Version 2; enterprise edition available,no,2016,2022,Y,N
Dgraph,157.0,154.0,153.0,Graph,1.34,-0.06,-0.57,https://db-engines.com/en/system/Dgraph,,"Dgraph Labs, Inc.","Distributed and scalable native,Graph DBMS",2016.0,,Open Source,Apache 2.0,no,2016,,Y,N
Actian NoSQL Database,158.0,157.0,161.0,Object oriented,1.33,-0.03,-0.43,https://db-engines.com/en/system/Actian+NoSQL+Database,,Actian,,1988.0,"9.3, April 2017",commercial,,no,1988,2017,N,N
VictoriaMetrics,159.0,160.0,175.0,Time Series,1.28,-0.01,-0.20,https://db-engines.com/en/system/VictoriaMetrics,,VictoriaMetrics,"A fast, cost-effective and scalable,Time Series DBMS,and monitoring solution",2018.0,"v1.91, May 2023",Open Source,Apache Version 2.0,no,2018,2023,Y,N
mSQL,160.0,162.0,169.0,Relational,1.27,+0.02,-0.30,https://db-engines.com/en/system/mSQL,,Hughes Technologies,"mSQL (Mini SQL) is a simple and lightweight,RDBMS",1994.0,"4.4, October 2021",commercial,free licenses can be provided,no,1994,2021,N,N
ObjectStore,161.0,159.0,168.0,Object oriented,1.26,-0.04,-0.32,https://db-engines.com/en/system/ObjectStore,,Ignite Technologies,,1988.0,"2013 Update 1, April 2014",commercial,,no,1988,2014,N,N
Db4o,162.0,164.0,149.0,Object oriented,1.24,+0.01,-0.70,https://db-engines.com/en/system/Db4o,,,,2001.0,8.0,Open Source,commercial license available for existing customers only,no,2001,,Y,N
TimesTen,163.0,163.0,162.0,Relational,1.23,-0.01,-0.49,https://db-engines.com/en/system/TimesTen,,Oracle,An in-memory SQL relational database that delivers microsecond response and high throughput for OLTP applications. TimesTen can be deployed as a standalone database or as a cache to a backend Oracle database.,1998.0,Release 22.1,commercial,,no,1998,,N,N
IBM Db2 warehouse,164.0,161.0,166.0,Relational,1.23,-0.03,-0.38,https://db-engines.com/en/system/IBM+Db2+warehouse,,IBM,Cloud-based data warehousing service,2014.0,,commercial,,yes,2014,,N,Y
D3,165.0,166.0,174.0,Multivalue,1.23,+0.01,-0.27,https://db-engines.com/en/system/D3,,"Rocket, formerly TigerLogic",,1999.0,,commercial,,no,1999,,N,N
Amazon Timestream,166.0,167.0,214.0,Time Series,1.22,+0.02,+0.22,https://db-engines.com/en/system/Amazon+Timestream,,,"Fast, scalable, fully managed time series database service for IoT and operational applications",2018.0,,commercial,,yes,2018,,N,Y
Mnesia,167.0,165.0,144.0,Document,1.2,-0.02,-0.85,https://db-engines.com/en/system/Mnesia,,Ericsson,,1999.0,"4.15.4, June 2018",Open Source,proprietary license,no,1999,2018,Y,N
LiteDB,168.0,170.0,170.0,Document,1.14,+0.01,-0.42,https://db-engines.com/en/system/LiteDB,,Mauricio David,"MongoDB-like, serverless database delivered in a single DLL",2014.0,,Open Source,MIT License,no,2014,,Y,N
GBase,169.0,173.0,184.0,Relational,1.11,0.00,-0.19,https://db-engines.com/en/system/GBase,,"General Data Technology Co., Ltd.","Widely used RDBMS in China, including analytical, transactional, distributed transactional, and cloud-native data warehousing.",2004.0,"GBase 8a, GBase 8s, GBase 8c",commercial,,no,2004,,N,N
Apache Kylin,170.0,174.0,176.0,Relational,1.1,+0.00,-0.36,https://db-engines.com/en/system/Apache+Kylin,,"Apache Software Foundation, originally contributed from eBay Inc","A distributed analytics engine for big data, providing a SQL interface and multi-dimensional analysis (OLAP) and leveraging the Hadoop stack",2015.0,"3.1.0, July 2020",Open Source,Apache Version 2.0,no,2015,2020,Y,N
Datameer,171.0,168.0,159.0,Document,1.1,-0.06,-0.67,https://db-engines.com/en/system/Datameer,,,,2009.0,,commercial,,no,2009,,N,N
Giraph,172.0,172.0,177.0,Graph,1.1,-0.01,-0.34,https://db-engines.com/en/system/Giraph,,,,2013.0,"1.3.0, June 2020",Open Source,Apache Version 2,no,2013,2020,Y,N
ObjectBox,173.0,175.0,179.0,Multi-model,1.1,0.00,-0.27,https://db-engines.com/en/system/ObjectBox,"Object oriented DBMS,Vector DBMS,Time Series DBMS",ObjectBox Limited,"Lightweight, fast on-device database for IoT, Mobile and Embedded devices, persisting and synchronising objects and vectors",2017.0,4.0 (May 2024),Bindings are released under Apache 2.0,Apache License 2.0,no,2017,2024,bindings are released under apache 2.0,N
Meilisearch,174.0,178.0,181.0,Search engine,1.1,+0.03,-0.25,https://db-engines.com/en/system/Meilisearch,,,"A powerful, fast, open-source and highly customizable,Search Engine",2020.0,,Open Source,MIT License,no,2020,,Y,N
EventStoreDB,175.0,177.0,190.0,Event,1.07,0.00,-0.18,https://db-engines.com/en/system/EventStoreDB,,Event Store Limited,"Industrial-strength, open-source database solution built from the ground up for event sourcing.",2012.0,"21.2, February 2021",Open Source,,no,2012,2021,Y,N
openGauss,176.0,169.0,199.0,"Relational, Multi-model",1.07,-0.08,-0.06,https://db-engines.com/en/system/openGauss,"Relational DBMS,Document store,Spatial DBMS",Huawei and openGauss community,"An enterprise-class,RDBMS,compatible with high-performance, high-availability and high-performance originally developed by Huawei",2019.0,"3.0, March 2022",Open Source,,no,2019,2022,Y,N
HFSQL,177.0,171.0,180.0,Relational,1.07,-0.06,-0.30,https://db-engines.com/en/system/HFSQL,,PC Soft,"RDBMS included in the development environments WINDEV, WINDEV Mobile and WEBDEV",,,commercial,,no,,,N,N
SQLBase,178.0,176.0,154.0,Relational,1.05,-0.03,-0.86,https://db-engines.com/en/system/SQLBase,,Open Text,,1985.0,,commercial,,no,1985,,N,N
DataEase,179.0,180.0,172.0,Relational,1.02,-0.04,-0.48,https://db-engines.com/en/system/DataEase,,,,1981.0,,commercial,,no,1981,,N,N
Oracle Rdb,180.0,182.0,185.0,Relational,1.02,-0.02,-0.28,https://db-engines.com/en/system/Oracle+Rdb,,"Oracle, originally developed by Digital Equipment Corporation (DEC)",,1984.0,"7.4.1.1, 2021",commercial,,no,1984,2021,N,N
SurrealDB,181.0,179.0,206.0,Multi-model,1.01,-0.06,-0.09,https://db-engines.com/en/system/SurrealDB,"Document store,Graph DBMS",SurrealDB Ltd,"A fully ACID transactional, developer-friendly, multi-model,DBMS",2022.0,"v1.5.0, May 2024",Open Source,,no,2022,2024,Y,N
Amazon Keyspaces,182.0,184.0,217.0,Wide column,1.0,-0.01,+0.02,https://db-engines.com/en/system/Amazon+Keyspaces,,Amazon,"A scalable, highly available Cassandra–compatible database service",2019.0,,commercial,,yes,2019,,N,Y
PlanetScale,183.0,185.0,160.0,"Relational, Multi-model",1.0,+0.00,-0.76,https://db-engines.com/en/system/PlanetScale,"Relational DBMS,Document store,Spatial DBMS",PlanetScale,"Scalable, distributed, serverless,MySQL,database platform built on top of,Vitess",2020.0,,commercial,,yes,2020,,N,Y
Apache HAWQ,184.0,183.0,194.0,Relational,0.99,-0.02,-0.20,https://db-engines.com/en/system/Apache+HAWQ,,Pivotal Software; Apache,HAWQ is a parallel SQL query engine integrated into the Hadoop ecosystem,2012.0,,Open Source,,no,2012,,Y,N
Rockset,185.0,181.0,224.0,"Document, Multi-model",0.99,-0.06,+0.05,https://db-engines.com/en/system/Rockset,"Document store,Relational DBMS,Search engine",Rockset,"A scalable, reliable search and analytics service in the cloud, built on,RocksDB",2019.0,,commercial,,yes,2019,,N,Y
MatrixOne,186.0,189.0,182.0,Relational,0.97,-0.01,-0.37,https://db-engines.com/en/system/MatrixOne,,,"A Hyperconverged Cloud & Edge Native DBMS, supporting transactional, analytical, and streaming workloads with a simplified and distributed database engine, across multiple data centers, clouds, edges and other heterogenous infrastructures.",2021.0,,Open Source,Apache Version 2.0,no,2021,,Y,N
GT.M,187.0,190.0,178.0,Key-value,0.95,-0.02,-0.48,https://db-engines.com/en/system/GT.M,,,,1986.0,"7.0-000, February 2021",commercial,,no,1986,2021,N,N
Cubrid,188.0,192.0,173.0,Relational,0.95,-0.02,-0.55,https://db-engines.com/en/system/Cubrid,,"CUBRID Corporation, CUBRID Foundation",CUBRID is an open-source SQL-based relational database management system with object extensions for OLTP,2008.0,"11.0, January 2021",Open Source,Apache Version 2.0,no,2008,2021,Y,N
eXtremeDB,189.0,204.0,232.0,Multi-model,0.94,+0.08,+0.06,https://db-engines.com/en/system/eXtremeDB,"Relational DBMS,Time Series DBMS",McObject,"Natively in-memory DBMS with options for persistency, high-availability and clustering",2001.0,"8.2, 2021",commercial,,no,2001,2021,N,N
NCache,190.0,195.0,198.0,"Key-value, Multi-model",0.94,+0.02,-0.20,https://db-engines.com/en/system/NCache,"Key-value store,Document store,Search engine",Alachisoft,"Open-Source and Enterprise in-memory,Key-Value Store",2005.0,"5.3.3, April 2024",Open Source,Enterprise Edition available,no,2005,2024,Y,N
Vitess,191.0,200.0,187.0,"Relational, Multi-model",0.94,+0.06,-0.33,https://db-engines.com/en/system/Vitess,"Relational DBMS,Document store,Spatial DBMS","The Linux Foundation, PlanetScale","Scalable, distributed, cloud-native DBMS, extending,MySQL",2013.0,"15.0.2, December 2022",Open Source,"Apache Version 2.0, commercial licenses available",no,2013,2022,Y,N
FoundationDB,192.0,186.0,164.0,Multi-model,0.94,-0.04,-0.76,https://db-engines.com/en/system/FoundationDB,"Document store,Key-value store,Relational DBMS",FoundationDB,Ordered key-value store. Core features are complimented by layers.,2013.0,"6.2.28, November 2020",Open Source,Apache 2.0,no,2013,2020,Y,N
M3DB,193.0,191.0,193.0,Time Series,0.94,-0.03,-0.26,https://db-engines.com/en/system/M3DB,,,A distributed time series database created for Uber,,,Open Source,Apache version 2,no,,,Y,N
GigaSpaces,194.0,198.0,186.0,Multi-model,0.94,+0.05,-0.35,https://db-engines.com/en/system/GigaSpaces,"Document store,Object oriented DBMS,Graph DBMS,Search engine",Gigaspaces Technologies,"High performance in-memory data grid platform, powering three products: Smart Cache, Smart ODS (Operational Data Store), Smart Augmented Transactions",2000.0,"15.5, September 2020",Open Source,Apache Version 2; Commercial licenses available,no,2000,2020,Y,N
NonStop SQL,195.0,187.0,167.0,Relational,0.93,-0.05,-0.67,https://db-engines.com/en/system/NonStop+SQL,,"HP, originally by Tandem",,1987.0,,commercial,,no,1987,,N,N
TDSQL for MySQL,196.0,194.0,218.0,"Relational, Multi-model",0.91,-0.05,-0.06,https://db-engines.com/en/system/TDSQL+for+MySQL,"Relational DBMS,Document store,Spatial DBMS",Tencent,"A high-performance distributed database management system with features such as automatic sharding, intelligent operation and maintenance, elastic scalability without downtime, and enterprise-grade security. It is highly compatible with MySQL.",2013.0,,commercial,,yes,2013,,N,Y
Alibaba Cloud PolarDB,197.0,209.0,279.0,Relational,0.9,+0.09,+0.42,https://db-engines.com/en/system/Alibaba+Cloud+PolarDB,,Alibaba,"A cloud-native relational database compatible with MySQL, PostgreSQL, and Oracle. Designed for business critical applications.",,,commercial,,yes,,,N,Y
Alibaba Cloud AnalyticDB for MySQL,198.0,197.0,240.0,"Relational, Multi-model",0.9,-0.01,+0.10,https://db-engines.com/en/system/Alibaba+Cloud+AnalyticDB+for+MySQL,"Relational DBMS,Document store",Alibaba,A real-time data warehousing service that can process petabytes of data with high concurrency and low latency. It is fully compatible with the MySQL protocol.,,,commercial,,yes,,,N,Y
StarRocks,199.0,193.0,195.0,Relational,0.87,-0.09,-0.28,https://db-engines.com/en/system/StarRocks,,The Linux Foundation,"An open source, high-performance columnar analytical database that enables real-time, multi-dimensional, and highly concurrent data analytics",2020.0,"3.3, June 2024",Open Source,Apache Version 2.0,no,2020,2024,Y,N
Alibaba Cloud MaxCompute,200.0,203.0,237.0,Relational,0.86,0.00,+0.05,https://db-engines.com/en/system/Alibaba+Cloud+MaxCompute,,Alibaba,"MaxCompute (previously known as ODPS) is a general purpose, fully managed, multi-tenancy data processing platform for large-scale data warehousing",2016.0,,commercial,,yes,2016,,N,Y
Infobright,201.0,202.0,165.0,Relational,0.86,-0.01,-0.75,https://db-engines.com/en/system/Infobright,,Ignite Technologies Inc.; formerly InfoBright Inc.,High performant column-oriented DBMS for analytic workloads using MySQL or PostgreSQL as a frontend,2005.0,,commercial,The open source (GPLv2) version did not support inserts/updates/deletes and was discontinued with July 2016,no,2005,,N,N
Dolt,202.0,201.0,211.0,"Relational, Multi-model",0.85,-0.02,-0.21,https://db-engines.com/en/system/Dolt,"Relational DBMS,Document store",DoltHub Inc,"A,MySQL,compatible,DBMS,with Git-like versioning of data and schema",2018.0,,Open Source,Apache Version 2.0,no,2018,,Y,N
IDMS,203.0,208.0,219.0,Navigational,0.85,+0.04,-0.12,https://db-engines.com/en/system/IDMS,,Broadcom (formerly CA Technologies),,1973.0,18.5,commercial,,no,1973,,N,N
Altibase,204.0,205.0,213.0,Relational,0.84,-0.02,-0.20,https://db-engines.com/en/system/Altibase,,Altibase,"An enterprise grade, high-performance,RDBMS",1999.0,"v7.3, 2023, August 2023",commercial,Open source edition discontinued with March 2023,no,1999,2023,N,N
NuoDB,205.0,206.0,197.0,Relational,0.84,-0.01,-0.31,https://db-engines.com/en/system/NuoDB,,Dassault Systèmes,NuoDB is a webscale distributed database that supports SQL and ACID transactions,2013.0,,commercial,limited edition free,no,2013,,N,N
HPE Ezmeral Data Fabric,206.0,199.0,191.0,Multi-model,0.83,-0.05,-0.41,https://db-engines.com/en/system/HPE+Ezmeral+Data+Fabric,"Document store,Wide column store","HPE, MapR Technologies, Inc","A unified data platform to ingest, store, manage, process, apply, and analyze all data types from any data source, and a variety of different ingestion mechanisms at an exabyte scale",2009.0,,commercial,,no,2009,,N,N
Sedna,207.0,196.0,156.0,Native XML,0.83,-0.09,-0.97,https://db-engines.com/en/system/Sedna,,,,2006.0,,Open Source,Apache Version 2,no,2006,,Y,N
RDF4J,208.0,214.0,220.0,RDF,0.82,+0.04,-0.15,https://db-engines.com/en/system/RDF4J,,"Since 2016 officially forked into an Eclipse project, former developer was Aduna Software.","RDF4J is a Java framework for processing RDF data, supporting both memory-based and a disk-based storage.",2004.0,,Open Source,"Eclipse Distribution License (EDL), v1.0.",no,2004,,Y,N
Typesense,209.0,188.0,228.0,Search engine,0.8,-0.18,-0.12,https://db-engines.com/en/system/Typesense,,,"A typo-tolerant, in-memory search engine optimized for instant search-as-you-type experiences and developer productivity",2015.0,,Open Source,GPL V3,no,2015,,Y,N
ZODB,210.0,207.0,204.0,Key-value,0.77,-0.03,-0.33,https://db-engines.com/en/system/ZODB,,,Native object database for Python,2009.0,"5.8.1, July 2023",Open Source,,no,2009,2023,Y,N
Yellowbrick,211.0,216.0,225.0,Relational,0.76,+0.01,-0.17,https://db-engines.com/en/system/Yellowbrick,,Yellowbrick Data,Data Warehouse appliance and cloud service,,,commercial,,no,,,N,N
Model 204,212.0,213.0,203.0,Multivalue,0.76,-0.02,-0.35,https://db-engines.com/en/system/Model+204,,,,1972.0,,commercial,,no,1972,,N,N
BigchainDB,213.0,215.0,205.0,Document,0.76,+0.00,-0.34,https://db-engines.com/en/system/BigchainDB,,,"BigchainDB is scalable blockchain database offering decentralization, immutability and native assets",2016.0,,Open Source,AGPL v3,no,2016,,Y,N
Blazegraph,214.0,219.0,216.0,Multi-model,0.75,+0.02,-0.23,https://db-engines.com/en/system/Blazegraph,"Graph DBMS,RDF store",Blazegraph,"High-performance graph database supporting Semantic Web (RDF/SPARQL) and Graph Database (tinkerpop3, blueprints, vertex-centric) APIs with scale-out and High Availability.",2006.0,"2.1.5, March 2019",Open Source,extended commercial license available,no,2006,2019,Y,N
AllegroGraph,215.0,210.0,192.0,Multi-model,0.75,-0.05,-0.45,https://db-engines.com/en/system/AllegroGraph,"Document store,Graph DBMS,RDF store,Vector DBMS,Spatial DBMS",Franz Inc.,"High performance, persistent RDF store with additional support for Graph DBMS",2004.0,"8.0, December 2023",commercial,Limited community edition free,no,2004,2023,N,N
GeoMesa,216.0,211.0,221.0,Spatial,0.75,-0.04,-0.20,https://db-engines.com/en/system/GeoMesa,,CCRi and others,GeoMesa is a distributed spatio-temporal DBMS based on various systems as storage layer.,2014.0,"5.0.1, July 2024",Open Source,Apache License 2.0,no,2014,2024,Y,N
Alibaba Cloud AnalyticDB for PostgreSQL,217.0,212.0,265.0,Relational,0.72,-0.06,+0.15,https://db-engines.com/en/system/Alibaba+Cloud+AnalyticDB+for+PostgreSQL,,Alibaba / Pivotal Software Inc. / PostgreSQL Global Development Group,"An online MPP (Massively Parallel Processing) data warehousing service based on,Greenplum",2016.0,,commercial,,yes,2016,,N,Y
Actian Vector,218.0,218.0,209.0,Relational,0.72,-0.02,-0.36,https://db-engines.com/en/system/Actian+Vector,,,,,"Vector 5.0, July 2016",commercial,,no,,2016,N,N
SciDB,219.0,217.0,233.0,Multivalue,0.72,-0.03,-0.14,https://db-engines.com/en/system/SciDB,,Paradigm4,DBMS built upon a multi-dimensional array data model,2008.0,,Open Source,,no,2008,,Y,N
Datacom/DB,220.0,220.0,227.0,Relational,0.71,-0.01,-0.21,https://db-engines.com/en/system/Datacom%2FDB,,Broadcom (formerly CA),"RDBMS,for mainframes",1972.0,,commercial,,no,1972,,N,N
Xapian,221.0,221.0,207.0,Search engine,0.7,-0.01,-0.39,https://db-engines.com/en/system/Xapian,,,Open Source search engine library,1986.0,"1.4.25, March 2024",Open Source,GPLv2,no,1986,2024,Y,N
eXist-db,222.0,223.0,222.0,Native XML,0.69,-0.01,-0.25,https://db-engines.com/en/system/eXist-db,,,,2000.0,,Open Source,L-GPL,no,2000,,Y,N
KeyDB,223.0,229.0,238.0,Key-value,0.67,+0.03,-0.14,https://db-engines.com/en/system/KeyDB,,EQ Alpha Technology Ltd.,"An ultra-fast, open source,Key-value store,fully compatible with Redis API, modules, and protocols",2019.0,,Open Source,BSD-3,no,2019,,Y,N
DBISAM,224.0,222.0,208.0,Relational,0.65,-0.05,-0.43,https://db-engines.com/en/system/DBISAM,,"Elevate Software, Inc.",RDBMS mainly geared to Delphi and C++Builder application developers,1998.0,,commercial,,no,1998,,N,N
CrateDB,225.0,224.0,231.0,Multi-model,0.64,-0.03,-0.26,https://db-engines.com/en/system/CrateDB,"Document store,Spatial DBMS,Search engine,Time Series DBMS,Vector DBMS,Relational DBMS",Crate,Distributed Database based on Lucene,2013.0,"5.8.1, August 2024",Open Source,,no,2013,2024,Y,N
Objectivity/DB,226.0,232.0,230.0,Object oriented,0.63,0.00,-0.28,https://db-engines.com/en/system/Objectivity%2FDB,,,,1990.0,,commercial,,no,1990,,N,N
TypeDB,227.0,227.0,212.0,Multi-model,0.63,-0.03,-0.42,https://db-engines.com/en/system/TypeDB,"Graph DBMS,Object oriented DBMS,Relational DBMS",Vaticle,"TypeDB provides developers with an expressive, customizable type system to manage their data using an award-winning query language, TypeQL, while building on a high-performance, distributed architecture.",2016.0,"2.28.3, June 2024",Open Source,"GPL Version 3, commercial licenses available",no,2016,2024,Y,N
RisingWave,228.0,237.0,245.0,Relational,0.63,+0.03,-0.14,https://db-engines.com/en/system/RisingWave,,RisingWave Labs,"A distributed,RDBMS,for stream processing, wire-compatible with,PostgreSQL",2022.0,"1.2, September 2023",Open Source,Apache Version 2.0,no,2022,2023,Y,N
SQream DB,229.0,225.0,226.0,Relational,0.63,-0.04,-0.30,https://db-engines.com/en/system/SQream+DB,,SQream Technologies,"a GPU-based, columnar RDBMS for big data analytics workloads",2017.0,"2022.1.6, December 2022",commercial,,no,2017,2022,N,N
BoltDB,230.0,226.0,255.0,Key-value,0.62,-0.04,-0.05,https://db-engines.com/en/system/BoltDB,,,"An embedded,key-value store,for Go.",2013.0,,Open Source,MIT License,no,2013,,Y,N
solidDB,231.0,233.0,196.0,Relational,0.62,-0.01,-0.53,https://db-engines.com/en/system/solidDB,,"Unicom Systems, Inc; IBM",,1992.0,,commercial,,no,1992,,N,N
1010data,232.0,231.0,200.0,Relational,0.62,-0.02,-0.52,https://db-engines.com/en/system/1010data,,,,2000.0,,commercial,,no,2000,,N,N
FrontBase,233.0,230.0,246.0,Relational,0.61,-0.03,-0.17,https://db-engines.com/en/system/FrontBase,,,,1993.0,"8.2.6, December 2015",commercial,free licenses,no,1993,2015,N,N
Vespa,234.0,235.0,257.0,Multi-model,0.61,0.00,-0.04,https://db-engines.com/en/system/Vespa,"Search engine,Vector DBMS",Yahoo,"Vespa is a search engine and vector DBMS. It supports vector search (ANN), lexical search, and search in structured data.",,,Open Source,Apache-2.0 license,no,,,Y,N
Graph Engine,235.0,234.0,254.0,Multi-model,0.59,-0.02,-0.09,https://db-engines.com/en/system/Graph+Engine,"Graph DBMS,Key-value store",Microsoft,"A distributed in-memory data processing engine, underpinned by a strongly-typed RAM store and a general distributed computation engine",2010.0,,Open Source,MIT License,no,2010,,Y,N
ObjectDB,236.0,239.0,215.0,Object oriented,0.59,+0.01,-0.40,https://db-engines.com/en/system/ObjectDB,,,,2010.0,"2.9.0, June 2024",commercial,,no,2010,2024,N,N
Northgate Reality,237.0,228.0,188.0,Multivalue,0.59,-0.07,-0.67,https://db-engines.com/en/system/Northgate+Reality,,,,1973.0,,commercial,,no,1973,,N,N
KairosDB,238.0,236.0,235.0,Time Series,0.57,-0.03,-0.24,https://db-engines.com/en/system/KairosDB,,,"Distributed Time Series DBMS based on Cassandra or,H2",2013.0,"1.2.2, November 2018",Open Source,Apache 2.0,no,2013,2018,Y,N
R:BASE,239.0,241.0,261.0,Relational,0.57,+0.01,-0.03,https://db-engines.com/en/system/R%3ABASE,,,,1981.0,,commercial,,no,1981,,N,N
HarperDB,240.0,240.0,263.0,Document,0.55,-0.02,-0.03,https://db-engines.com/en/system/HarperDB,,HarperDB,"HarperDB takes the ""stack"" out of ""tech stack"" by combining an ultra-fast document-style data store, in-memory cache, real-time message broker, and your application components into a single distributed technology.",2017.0,"3.1, August 2021",commercial,free community edition available,no,2017,2021,N,N
NexusDB,241.0,243.0,252.0,Relational,0.54,-0.02,-0.16,https://db-engines.com/en/system/NexusDB,,,,2003.0,"4.50.26, February 2021",commercial,,no,2003,2021,N,N
Splice Machine,242.0,244.0,264.0,Relational,0.54,0.00,-0.04,https://db-engines.com/en/system/Splice+Machine,,Splice Machine,"Open-Source SQL RDBMS for Operational and Analytical use cases with native Machine Learning, powered by Hadoop and Spark",2014.0,"3.1, March 2021",Open Source,"AGPL 3.0, commercial license available",no,2014,2021,Y,N
Apache Doris,243.0,238.0,243.0,Relational,0.53,-0.05,-0.25,https://db-engines.com/en/system/Apache+Doris,,"Apache Software Foundation, originally contributed from Baidu","An MPP-based analytics DBMS embracing the,MySQL,protocol",2017.0,"1.2.2, February 2023",Open Source,Apache Version 2.0,no,2017,2023,Y,N
MapDB,244.0,245.0,229.0,Key-value,0.5,-0.02,-0.42,https://db-engines.com/en/system/MapDB,,,,2002.0,,Open Source,Apache Version 2,no,2002,,Y,N
Dragonfly,245.0,253.0,348.0,Key-value,0.5,+0.04,+0.30,https://db-engines.com/en/system/Dragonfly,,DragonflyDB team and community contributors,"A drop-in,Redis,replacement that scales vertically to support millions of operations per second and terabyte sized workloads, all on a single instance",2023.0,"1.0, March 2023",Open Source,BSL 1.1,no,2023,2023,Y,N
Percona Server for MongoDB,246.0,252.0,253.0,Document,0.5,+0.02,-0.19,https://db-engines.com/en/system/Percona+Server+for+MongoDB,,Percona,A drop-in replacement for MongoDB Community Edition with enterprise-grade features.,2015.0,"3.4.10-2.10, November 2017",Open Source,GPL Version 2,no,2015,2017,Y,N
SQL.JS,247.0,247.0,189.0,Relational,0.49,-0.02,-0.77,https://db-engines.com/en/system/SQL.JS,,Alon Zakai,"Port of,SQLite,to JavaScript",2012.0,,Open Source,,no,2012,,Y,N
WebSphere eXtreme Scale,248.0,242.0,223.0,Key-value,0.49,-0.07,-0.45,https://db-engines.com/en/system/WebSphere+eXtreme+Scale,,,An elastic highly scalable in-memory data grid,2009.0,,commercial,,no,2009,,N,N
GemStone/S,249.0,249.0,241.0,Object oriented,0.48,-0.01,-0.31,https://db-engines.com/en/system/GemStone%2FS,,,,1986.0,64 Bit 3.3.3,commercial,,no,1986,,N,N
Scalaris,250.0,246.0,251.0,Key-value,0.48,-0.03,-0.23,https://db-engines.com/en/system/Scalaris,,,,2010.0,,Open Source,Apache Version 2,no,2010,,Y,N
Kingbase,251.0,259.0,275.0,"Relational, Multi-model",0.47,+0.04,-0.05,https://db-engines.com/en/system/Kingbase,"Relational DBMS,Document store,Spatial DBMS",BeiJing KINGBASE Information technologies inc.,"An enterprise-class,RDBMS,compatible with PostgreSQL and Oracle and widely used in China.",1999.0,"V8.0, August 2021",commercial,,no,1999,2021,N,N
4store,252.0,248.0,278.0,RDF,0.46,-0.04,-0.02,https://db-engines.com/en/system/4store,,,,2009.0,,Open Source,GPLv3,no,2009,,Y,N
Kyligence Enterprise,253.0,250.0,283.0,Relational,0.46,-0.04,+0.00,https://db-engines.com/en/system/Kyligence+Enterprise,,"Kyligence, Inc.","A distributed analytics engine for big data, built on top of,Apache Kylin",2016.0,,commercial,,no,2016,,N,N
VistaDB,254.0,254.0,250.0,Relational,0.45,+0.00,-0.26,https://db-engines.com/en/system/VistaDB,,Gibraltar Software,,2008.0,,commercial,,no,2008,,N,N
Raima Database Manager,255.0,266.0,259.0,Multi-model,0.43,+0.03,-0.18,https://db-engines.com/en/system/Raima+Database+Manager,"Relational DBMS,Time Series DBMS",Raima Inc.,"RDBMS with a small footprint, either embedded into an application or used as a database server",1984.0,"15, June 2021",commercial,,no,1984,2021,N,N
atoti,256.0,260.0,256.0,Object oriented,0.43,+0.00,-0.23,https://db-engines.com/en/system/atoti,,ActiveViam,"An in-memory,DBMS,combining transactional and analytical processing to handle the aggregation of ever-changing data.",,,commercial,free versions available,no,,,N,N
Kinetica,257.0,256.0,236.0,"Relational, Multi-model",0.42,-0.01,-0.39,https://db-engines.com/en/system/Kinetica,"Relational DBMS,Spatial DBMS,Time Series DBMS",Kinetica,Fully vectorized database across both GPUs and CPUs,2012.0,"7.1, August 2021",commercial,,no,2012,2021,N,N
Perst,258.0,251.0,183.0,Object oriented,0.42,-0.05,-0.89,https://db-engines.com/en/system/Perst,,,,2003.0,,Open Source,commercial license available,no,2003,,Y,N
Alibaba Cloud Log Service,259.0,257.0,282.0,Search engine,0.42,-0.01,-0.04,https://db-engines.com/en/system/Alibaba+Cloud+Log+Service,,AlibabaCloud Inc.,"A complete real-time data logging service that supports collection, consumption, shipping, search, and analysis of logs.",2016.0,,commercial,,yes,2016,,N,Y
AlaSQL,260.0,262.0,234.0,Multi-model,0.41,0.00,-0.42,https://db-engines.com/en/system/AlaSQL,"Document store,Relational DBMS",Andrey Gershun & Mathias R. Wulff,JavaScript DBMS library,2014.0,,Open Source,MIT-License,no,2014,,Y,N
Postgres-XL,261.0,261.0,247.0,"Relational, Multi-model",0.41,-0.01,-0.35,https://db-engines.com/en/system/Postgres-XL,"Relational DBMS,Document store,Spatial DBMS",,Based on PostgreSQL enhanced with MPP and write-scale-out cluster features,2014.0,"10 R1, October 2018",Open Source,Mozilla public license,no,2014,2018,Y,N
Rasdaman,262.0,264.0,274.0,Multivalue,0.4,-0.01,-0.11,https://db-engines.com/en/system/Rasdaman,,,Extends standard RDBMS with efficient handling of multi-dimensional arrays,1998.0,"rasdaman v9.8.1, July 2019",Open Source,extended commercial license available,no,1998,2019,Y,N
Hibari,263.0,255.0,210.0,Key-value,0.4,-0.05,-0.68,https://db-engines.com/en/system/Hibari,,,,2005.0,,Open Source,Apache Version 2,no,2005,,Y,N
ScaleArc,264.0,268.0,244.0,Relational,0.4,+0.00,-0.38,https://db-engines.com/en/system/ScaleArc,,Ignite,"A layer on top of standard MySQL, SQL Server or Oracle instances for data distribution and sharding",2009.0,,commercial,limited edition free,no,2009,,N,N
OpenInsight,265.0,258.0,239.0,Multivalue,0.39,-0.04,-0.41,https://db-engines.com/en/system/OpenInsight,,Revelation Software,Development Environment with included multi-value filing system,1992.0,"10.0.1, April 2018",commercial,,no,1992,2018,N,N
YDB,266.0,267.0,296.0,Multi-model,0.39,-0.01,-0.02,https://db-engines.com/en/system/YDB,"Document store,Relational DBMS",Yandex,"A distributed fault-tolerant database service, with high availability, scalability, immediate consistency and ACID transactions and providing an,Amazon DynamoDB,compatible API",2019.0,,Open Source,Apache 2.0; commercial license available,no,2019,,Y,N
Sequoiadb,267.0,265.0,269.0,Multi-model,0.39,-0.02,-0.16,https://db-engines.com/en/system/Sequoiadb,"Document store,Relational DBMS",Sequoiadb Ltd.,NewSQL database with distributed OLTP and SQL,2013.0,,Open Source,Server: AGPL; Client: Apache V2,no,2013,,Y,N
LokiJS,268.0,263.0,258.0,Document,0.38,-0.03,-0.25,https://db-engines.com/en/system/LokiJS,,,In-memory JavaScript DBMS,2014.0,,Open Source,,no,2014,,Y,N
ITTIA,269.0,269.0,271.0,"Time Series, Multi-model",0.37,0.00,-0.16,https://db-engines.com/en/system/ITTIA,"Time Series DBMS,Relational DBMS",ITTIA L.L.C.,Edge Time Series DBMS with Real-Time Stream Processing,2007.0,8.7,commercial,,no,2007,,N,N
Apache Pinot,270.0,275.0,248.0,Relational,0.36,+0.02,-0.39,https://db-engines.com/en/system/Apache+Pinot,,Apache Software Foundation and contributors,"Realtime distributed OLAP datastore, designed to answer OLAP queries with low latency",2015.0,"1.0.0, September 2023",Open Source,Apache Version 2.0,no,2015,2023,Y,N
Fluree,271.0,271.0,293.0,Graph,0.35,-0.01,-0.07,https://db-engines.com/en/system/Fluree,,"Fluree, PBC","A,Graph DBMS,built with blockchain technology",2018.0,,Open Source,open-sourced in October 2020,no,2018,,Y,N
Marqo,272.0,272.0,299.0,Search engine,0.35,0.00,-0.04,https://db-engines.com/en/system/Marqo,,,"An open source vector-based,search engine",2022.0,,Open Source,Apache Version 2.0,no,2022,,Y,N
Tajo,273.0,273.0,301.0,Relational,0.35,0.00,-0.03,https://db-engines.com/en/system/Tajo,,Apache Software Foundation,SQL on Hadoop,2012.0,,Open Source,Apache Version 2,no,2012,,Y,N
ModeShape,274.0,274.0,266.0,Content,0.33,-0.01,-0.24,https://db-engines.com/en/system/ModeShape,,,,2010.0,,Open Source,Apache Version 2,no,2010,,Y,N
Apache Sedona,275.0,278.0,,Spatial,0.33,+0.01,,https://db-engines.com/en/system/Apache+Sedona,,Apache Software Foundation and contributors,"Apache Sedona extends,Apache Flink,and Apache Spark with a set of out-of-the-box distributed Spatial Datasets and Spatial SQL that efficiently load, process, and analyze large-scale spatial data across machines.",2020.0,,Open Source,Apache Version 2.0,no,2020,,Y,N
Comdb2,276.0,277.0,316.0,Relational,0.32,0.00,+0.03,https://db-engines.com/en/system/Comdb2,,Bloomberg Finance L.P.,"A distributed,RDBMS,designed for geographical replication and high availability. It has been developed by Bloomberg Finance L.P. and is used as their primary DBMS.",2004.0,,Open Source,Apache 2.0,no,2004,,Y,N
Strabon,277.0,276.0,267.0,RDF,0.31,-0.02,-0.25,https://db-engines.com/en/system/Strabon,,,,2011.0,,Open Source,Mozilla public license,no,2011,,Y,N
Immudb,278.0,290.0,294.0,"Key-value, Multi-model",0.31,+0.04,-0.11,https://db-engines.com/en/system/Immudb,"Key-value store,Relational DBMS",Codenotary,An open source immutable (append-only) database with cryptographic verification which makes it tamper-resistant and fully auditable.,2020.0,"1.2.3, April 2022",Open Source,Apache Version 2.0,no,2020,2022,Y,N
Deep Lake,279.0,281.0,302.0,Vector,0.31,+0.00,-0.06,https://db-engines.com/en/system/Deep+Lake,,Activeloop,Deep Lake is a vector DBMS optimized for deep-learning and Large Language Model (LLM) based applications.,,,Open Source,MPL-2.0 license,no,,,Y,N
CnosDB,280.0,280.0,270.0,Time Series,0.29,-0.01,-0.24,https://db-engines.com/en/system/CnosDB,,,"An open source distributed,Time Series DBMS,with high performance, high compression rate and high ease of use",2022.0,"2.2.0, February 2023",Open Source,AGPL 3.0,no,2022,2023,Y,N
Starcounter,281.0,286.0,280.0,Object oriented,0.29,+0.01,-0.18,https://db-engines.com/en/system/Starcounter,,,,2006.0,"2.3.2.930, April 2018",commercial,,no,2006,2018,N,N
PieCloudDB,282.0,270.0,309.0,Relational,0.29,-0.07,-0.04,https://db-engines.com/en/system/PieCloudDB,,OpenPie,A cloud-native analytic database platform with new technologoy for elastic MPP,,"2.1, January 2023",commercial,,yes,,2023,N,Y
Project Voldemort,283.0,282.0,286.0,Key-value,0.29,0.00,-0.15,https://db-engines.com/en/system/Project+Voldemort,,,,2009.0,"1.10.25, July 2017",Open Source,Apache version 2,no,2009,2017,Y,N
Elassandra,284.0,284.0,273.0,"Wide column, Multi-model",0.29,0.00,-0.23,https://db-engines.com/en/system/Elassandra,"Wide column store,Search engine",,"Open source database and search engine for multi-cloud applications based on Cassandra and,Elasticsearch",,,Open Source,Apache Version 2.0,no,,,Y,N
LeanXcale,285.0,288.0,304.0,Multi-model,0.28,+0.01,-0.07,https://db-engines.com/en/system/LeanXcale,"Key-value store,Relational DBMS",LeanXcale,A highly scalable full ACID SQL database with fast NoSQL data ingestion and GIS capabilities,2015.0,,commercial,,no,2015,,N,N
InfiniteGraph,286.0,283.0,277.0,Graph,0.28,-0.02,-0.20,https://db-engines.com/en/system/InfiniteGraph,,,,2010.0,,commercial,,no,2010,,N,N
Cloudflare Workers KV,287.0,285.0,313.0,Key-value,0.28,0.00,-0.02,https://db-engines.com/en/system/Cloudflare+Workers+KV,,Cloudflare,"A global, low-latency,,key-value store,for applications on Cloudflare with exceptionally high read volumes and low-latency.",2018.0,,commercial,,yes,2018,,N,Y
Vald,288.0,279.0,242.0,Vector,0.27,-0.04,-0.51,https://db-engines.com/en/system/Vald,,,Vald is a distributed vector DBMS.,,,Open Source,Apache-2.0 license,no,,,Y,N
Databend,289.0,291.0,260.0,Relational,0.27,+0.01,-0.34,https://db-engines.com/en/system/Databend,,Databend Labs,"An open-source, elastic, and workload-aware cloud data warehouse designed to meet businesses' massive-scale analytics needs at low cost and with low complexity",2021.0,"1.0.59, April 2023",Open Source,Apache Version 2.0,no,2021,2023,Y,N
SearchBlox,290.0,292.0,276.0,Search engine,0.27,+0.01,-0.24,https://db-engines.com/en/system/SearchBlox,,,,2003.0,,commercial,,no,2003,,N,N
Redland,291.0,293.0,262.0,RDF,0.26,+0.01,-0.33,https://db-engines.com/en/system/Redland,,,A set of free software C libraries that provide support for the Resource Description Framework (RDF),2000.0,,Open Source,"Multi License (LGPL, GPLv2, Apache V2)",no,2000,,Y,N
MyScale,292.0,300.0,344.0,Multi-model,0.26,+0.03,+0.04,https://db-engines.com/en/system/MyScale,"Relational DBMS,Vector DBMS",,"Built on,Clickhouse,, MyScale integrates vector search and SQL analytics and is used for large scale AI applications",2022.0,,commercial,,yes,2022,,N,Y
OpenQM,293.0,287.0,290.0,Multivalue,0.26,-0.02,-0.17,https://db-engines.com/en/system/OpenQM,,"Rocket Software, originally Martin Phillips","QpenQM is a high-performance, self-tuning, multi-value DBMS",1993.0,3.4-12,Open Source,"GPLv2, extended commercial license available",no,1993,,Y,N
Brytlyt,294.0,289.0,287.0,Relational,0.25,-0.01,-0.18,https://db-engines.com/en/system/Brytlyt,,Brytlyt,"Scalable GPU-accelerated,RDBMS,for very fast analytic and streaming workloads, leveraging,PostgreSQL",2016.0,"5.0, August 2023",commercial,,no,2016,2023,N,N
RDFox,295.0,296.0,291.0,Multi-model,0.24,+0.01,-0.18,https://db-engines.com/en/system/RDFox,"Graph DBMS,RDF store,Relational DBMS",Oxford Semantic Technologies,High performance knowledge graph and semantic reasoning engine,2017.0,"6.0, Septermber 2022",commercial,,no,2017,2022,N,N
Alibaba Cloud TSDB,296.0,294.0,357.0,Time Series,0.24,0.00,+0.08,https://db-engines.com/en/system/Alibaba+Cloud+TSDB,,Alibaba,"A stable, reliable, and cost-effective online high-performance time series database service",,,commercial,,yes,,,N,Y
Fujitsu Enterprise Postgres,297.0,299.0,306.0,"Relational, Multi-model",0.24,+0.01,-0.10,https://db-engines.com/en/system/Fujitsu+Enterprise+Postgres,"Relational DBMS,Document store,Spatial DBMS",Fujitsu Limited,"Enterprise-grade,PostgreSQL,-based DBMS with security enhancements such as Transparent Data Encryption and Data Masking, plus high-availability and performance improvement features.",,"Fujitsu Enterprise Postgres 16, May 2024",commercial,,no,,2024,N,N
Apache HugeGraph,298.0,309.0,322.0,Graph,0.23,+0.03,-0.04,https://db-engines.com/en/system/Apache+HugeGraph,,Baidu,"A fast-speed and highly-scalable,Graph DBMS",2018.0,0.9,Open Source,Apache Version 2.0,no,2018,,Y,N
Lovefield,299.0,302.0,285.0,Relational,0.23,+0.01,-0.21,https://db-engines.com/en/system/Lovefield,,Google,"Embeddable,relational database,for web apps written in pure JavaScript",2014.0,"2.1.12, February 2017",Open Source,Apache 2.0,no,2014,2017,Y,N
Manticore Search,300.0,304.0,347.0,"Search engine, Multi-model",0.23,+0.01,+0.03,https://db-engines.com/en/system/Manticore+Search,"Search engine,Time Series DBMS",Manticore Software,"Multi-storage database for search, including full-text search.",2017.0,"6.0, February 2023",Open Source,GPL version 2,no,2017,2023,Y,N
AnzoGraph DB,301.0,297.0,292.0,Multi-model,0.22,-0.01,-0.19,https://db-engines.com/en/system/AnzoGraph+DB,"Graph DBMS,RDF store",Cambridge Semantics,"Scalable graph database built for online analytics and data harmonization with MPP scaling, high-performance analytical algorithms and reasoning, and virtualization",2018.0,"2.3, January 2021",commercial,free trial version available,no,2018,2021,N,N
FeatureBase,302.0,305.0,284.0,Relational,0.22,+0.01,-0.22,https://db-engines.com/en/system/FeatureBase,,Molecula and Pilosa Open Source Contributors,"Real-time database platform that powers real-time analytics and machine learning applications by simultaneously executing low-latency, high-throughput, and highly concurrent workloads.",2017.0,"2022, May 2022",commercial,,no,2017,2022,N,N
PipelineDB,303.0,298.0,324.0,Relational,0.22,-0.01,-0.05,https://db-engines.com/en/system/PipelineDB,,,"A RDBMS that runs SQL queries continuously on streams, incrementally storing results in tables. Built upon,PostgreSQL,.",2015.0,,Open Source,"BSD, GPL V3",no,2015,,Y,N
Mimer SQL,304.0,301.0,295.0,Relational,0.21,-0.01,-0.20,https://db-engines.com/en/system/Mimer+SQL,,,,1977.0,"11.0.8D, May 2024",commercial,,no,1977,2024,N,N
Actian FastObjects,305.0,303.0,289.0,Object oriented,0.21,-0.01,-0.22,https://db-engines.com/en/system/Actian+FastObjects,,Actian,,,,commercial,,no,,,N,N
Alibaba Cloud Table Store,306.0,295.0,330.0,Wide column,0.2,-0.04,-0.06,https://db-engines.com/en/system/Alibaba+Cloud+Table+Store,,Alibaba,"A fully managed,Wide Column Store,for large quantities of semi-structured data with real-time access",2016.0,,commercial,,yes,2016,,N,Y
Axibase,307.0,306.0,281.0,Time Series,0.2,0.00,-0.26,https://db-engines.com/en/system/Axibase,,Axibase Corporation,Scalable TimeSeries DBMS based on HBase with integrated rule engine and visualization,2013.0,15585,commercial,"Community Edition (single node) is free, Enterprise Edition (distributed) is paid",no,2013,1558,N,N
YottaDB,308.0,316.0,317.0,"Key-value, Multi-model",0.2,+0.02,-0.10,https://db-engines.com/en/system/YottaDB,"Key-value store,Relational DBMS","YottaDB, LLC","A fast and solid embedded,Key-value store",2001.0,,Open Source,AGPL 3.0,no,2001,,Y,N
RedStore,309.0,312.0,297.0,RDF,0.19,+0.00,-0.21,https://db-engines.com/en/system/RedStore,,,RedStore is a lightweight RDF triplestore,2009.0,,Open Source,GPLv3,no,2009,,Y,N
Faircom DB,310.0,311.0,314.0,Multi-model,0.19,0.00,-0.12,https://db-engines.com/en/system/Faircom+DB,"Key-value store,Relational DBMS",FairCom Corporation,Native high-speed multi-model DBMS for relational and key-value store data simultaneously accessible through SQL and NoSQL APIs.,1979.0,"V13, July 2024",commercial,"Restricted, free version available",no,1979,2024,N,N
Tibco ComputeDB,311.0,313.0,321.0,Relational,0.18,0.00,-0.10,https://db-engines.com/en/system/Tibco+ComputeDB,,Tibco,Distributed in-memory data store for real-time operational analytics based on Apache Spark,2015.0,,Open Source,Apache 2.0,no,2015,,Y,N
IBM Db2 Event Store,312.0,315.0,328.0,Multi-model,0.18,+0.00,-0.08,https://db-engines.com/en/system/IBM+Db2+Event+Store,"Event Store,Time Series DBMS",IBM,Distributed Event Store optimized for Internet of Things use cases,2017.0,2.0,commercial,free developer edition available,no,2017,,N,N
FlockDB,313.0,310.0,307.0,Graph,0.18,-0.02,-0.15,https://db-engines.com/en/system/FlockDB,,Twitter,,2010.0,"1.8.5, February 2012",Open Source,Apache Version 2,no,2010,2012,Y,N
Badger,314.0,307.0,338.0,Key-value,0.18,-0.03,-0.07,https://db-engines.com/en/system/Badger,,DGraph Labs,"An embeddable, persistent, simple and fast,Key-Value Store,, written purely in Go.",2017.0,,Open Source,Apache 2.0,no,2017,,Y,N
AgensGraph,315.0,322.0,387.0,Multi-model,0.18,+0.02,+0.11,https://db-engines.com/en/system/AgensGraph,"Graph DBMS,Relational DBMS",Bitnine Global Inc.,"Multi-model database supporting relational and graph data models and built upon,PostgreSQL",2016.0,"2.1, December 2018",Open Source,Apache License 2.0,no,2016,2018,Y,N
TransLattice,316.0,317.0,340.0,Relational,0.17,+0.00,-0.06,https://db-engines.com/en/system/TransLattice,,,,2007.0,,commercial,,no,2007,,N,N
Actian PSQL,317.0,333.0,331.0,Relational,0.17,+0.04,-0.09,https://db-engines.com/en/system/Actian+PSQL,,,RDBMS used for embedded databases,1982.0,"v15 SP2 (15.20), August 2021",commercial,,no,1982,2021,N,N
Speedb,318.0,308.0,319.0,Key-value,0.16,-0.04,-0.12,https://db-engines.com/en/system/Speedb,,Speedb,"An embeddable, high performance key-value store optimized for write-intensive workloads, which can be used as a drop-in replacement for,RocksDB",2020.0,,Open Source,Apache Version 2.0; commercial license available,no,2020,,Y,N
Valentina Server,319.0,320.0,323.0,Relational,0.16,0.00,-0.11,https://db-engines.com/en/system/Valentina+Server,,Paradigma Software,Object-relational database and reports server,1999.0,5.7.5,commercial,,no,1999,,N,N
YTsaurus,320.0,324.0,363.0,Multi-model,0.16,+0.00,+0.01,https://db-engines.com/en/system/YTsaurus,"Document store,Key-value store",Yandex,YTsaurus is an open source platform for distributed storage and processing.,2023.0,,Open Source,"Apache License, Version 2.0",no,2023,,Y,N
Riak TS,321.0,323.0,312.0,Time Series,0.16,+0.00,-0.15,https://db-engines.com/en/system/Riak+TS,,"Open Source, formerly Basho Technologies","Riak TS is a distributed NoSQL database optimized for time series data and based on,Riak KV",2015.0,"3.0.0, September 2022",Open Source,,no,2015,2022,Y,N
NEventStore,322.0,321.0,315.0,Event,0.16,-0.01,-0.14,https://db-engines.com/en/system/NEventStore,,,A persistence agnostic Event Store for .NET,2011.0,,Open Source,MIT-License,no,2011,,Y,N
HyperGraphDB,323.0,319.0,298.0,Graph,0.16,-0.01,-0.24,https://db-engines.com/en/system/HyperGraphDB,,,,2007.0,,Open Source,L-GPL,no,2007,,Y,N
EJDB,324.0,331.0,300.0,Document,0.16,+0.02,-0.23,https://db-engines.com/en/system/EJDB,,Softmotions,Embeddable document-store database library with JSON representation of queries (in MongoDB style),2012.0,,Open Source,GPLv2,no,2012,,Y,N
EsgynDB,325.0,326.0,320.0,Relational,0.15,+0.01,-0.13,https://db-engines.com/en/system/EsgynDB,,Esgyn,"Enterprise-class SQL-on-Hadoop solution, powered by,Apache Trafodion",2015.0,,commercial,,no,2015,,N,N
TerminusDB,326.0,318.0,337.0,"Graph, Multi-model",0.15,-0.01,-0.09,https://db-engines.com/en/system/TerminusDB,"Graph DBMS,Document store,RDF store",DataChemist Ltd.,"Scalable,Graph Database,platform making enterprise data available by exploiting inferred entities and relationships",2018.0,"11.0.0, January 2023",Open Source,GPL V3,no,2018,2023,Y,N
XTDB,327.0,327.0,354.0,Document,0.15,+0.01,-0.02,https://db-engines.com/en/system/XTDB,,Juxt Ltd.,A general purpose database with bitemporal SQL and Datalog and graph queries,2019.0,"1.19, September 2021",Open Source,MIT License,no,2019,2021,Y,N
XtremeData,328.0,328.0,361.0,Relational,0.14,+0.00,-0.01,https://db-engines.com/en/system/XtremeData,,,,,,commercial,limited edition free,no,,,N,N
ElevateDB,329.0,330.0,311.0,Relational,0.14,+0.00,-0.18,https://db-engines.com/en/system/ElevateDB,,"Elevate Software, Inc.",RDBMS designed to be included in a pre-packaged database application,2006.0,,commercial,,no,2006,,N,N
Jade,330.0,329.0,268.0,Object oriented,0.13,-0.01,-0.42,https://db-engines.com/en/system/Jade,,,,1996.0,,commercial,,no,1996,,N,N
Skytable,331.0,314.0,336.0,Key-value,0.13,-0.05,-0.12,https://db-engines.com/en/system/Skytable,,,"A free and open-source,Key-value Store,that aims to provide flexible data modeling at scale. Formerly also know as TerrabaseDB.",2020.0,,Open Source,GNU AGPL 3.0,no,2020,,Y,N
BigObject,332.0,332.0,345.0,Relational,0.13,0.00,-0.08,https://db-engines.com/en/system/BigObject,,"BigObject, Inc.",Analytic DBMS for real-time computations and queries,2015.0,,commercial,free community edition available,no,2015,,N,N
Quasardb,333.0,325.0,318.0,Time Series,0.13,-0.03,-0.16,https://db-engines.com/en/system/Quasardb,,quasardb,"Distributed, high-performance timeseries database",2009.0,"3.14.1, January 2024",commercial,"Free community edition, Non-profit organizations and non-commercial usage are eligible for free licenses",no,2009,2024,N,N
RaptorDB,334.0,350.0,405.0,Document,0.12,+0.06,+0.12,https://db-engines.com/en/system/RaptorDB,,,,,,Open Source,Apache Version 2,no,,,Y,N
Ultipa,335.0,335.0,329.0,Graph,0.11,0.00,-0.15,https://db-engines.com/en/system/Ultipa,,Ultipa,"High performance,Graph DBMS,supporting HTAP high availability cluster deployment",2019.0,,commercial,,no,2019,,N,N
GreptimeDB,336.0,336.0,339.0,Time Series,0.11,0.00,-0.13,https://db-engines.com/en/system/GreptimeDB,,Greptime Inc.,"An open source,Time Series DBMS,built for increased scalability, high performance and efficiency",2022.0,,Open Source,Apache Version 2.0,no,2022,,Y,N
Tokyo Tyrant,337.0,338.0,335.0,Key-value,0.1,-0.01,-0.15,https://db-engines.com/en/system/Tokyo+Tyrant,,,,2007.0,,Open Source,GPL,no,2007,,Y,N
Sparksee,338.0,339.0,343.0,Graph,0.1,+0.01,-0.12,https://db-engines.com/en/system/Sparksee,,,,2008.0,"v6.0, 2021",commercial,,no,2008,2021,N,N
FalkorDB,339.0,347.0,,Graph,0.1,+0.03,,https://db-engines.com/en/system/FalkorDB,,FalkorDB Ltd,"A low latency Graph Database built for real-time graph query, knowledge retrieval and GraphRAG.",2023.0,,Open Source (SSPLv1),,no (FalkorDB is available as Falkor Cloud),2023,,open source (ssplv1),no (falkordb is available as falkor cloud)
GraphBase,340.0,334.0,334.0,Graph,0.1,-0.03,-0.15,https://db-engines.com/en/system/GraphBase,,,,,,commercial,,no,,,N,N
CubicWeb,341.0,337.0,332.0,RDF,0.09,-0.01,-0.16,https://db-engines.com/en/system/CubicWeb,,,,2001.0,"3.30.0, March 2021",Open Source,L-GPL,no,2001,2021,Y,N
Mulgara,342.0,342.0,305.0,RDF,0.09,+0.01,-0.26,https://db-engines.com/en/system/Mulgara,,,,2006.0,"2.1.13, January 2012",Open Source,Apache Version 2,no,2006,2012,Y,N
Kyoto Tycoon,343.0,341.0,367.0,Key-value,0.08,-0.01,-0.05,https://db-engines.com/en/system/Kyoto+Tycoon,,,,2009.0,,Open Source,GPL,no,2009,,Y,N
OpenMLDB,344.0,343.0,,"Time Series, Multi-model",0.08,+0.00,,https://db-engines.com/en/system/OpenMLDB,"Time Series DBMS,Relational DBMS",4 Paradigm Inc.,An open-source machine learning database that provides a feature platform for training and inference,2020.0,2024-2 February 2024,Open Source,,no,2020,2024,Y,N
AntDB,345.0,340.0,303.0,Relational,0.08,-0.02,-0.28,https://db-engines.com/en/system/AntDB,,AsiaInfo Technologies Limited,"A scalable, multi-tenant, MPP-architectured,RDBMS,for OLTP and OLAP operations, highly compatible with,Oracle",,,commercial,,no,,,N,N
TinkerGraph,346.0,344.0,327.0,Graph,0.07,0.00,-0.20,https://db-engines.com/en/system/TinkerGraph,,,"A lightweight, in-memory graph engine that serves as a reference implementation of the TinkerPop3 API",2009.0,,Open Source,Apache 2.0,no,2009,,Y,N
Bangdb,347.0,353.0,325.0,Multi-model,0.07,+0.01,-0.20,https://db-engines.com/en/system/Bangdb,"Document store,Graph DBMS,Time Series DBMS,Spatial DBMS","Sachin Sinha, BangDB","Converged and high performance database for device data, events, time series, document and graph",2012.0,"BangDB 2.0, October 2021",Open Source,BSD 3,no,2012,2021,Y,N
Exorbyte,348.0,346.0,333.0,Search engine,0.07,+0.00,-0.19,https://db-engines.com/en/system/Exorbyte,,,,2000.0,,commercial,,no,2000,,N,N
ScaleOut StateServer,349.0,352.0,391.0,Key-value,0.06,+0.01,+0.02,https://db-engines.com/en/system/ScaleOut+StateServer,,,,2005.0,,commercial,,no,2005,,N,N
SiteWhere,350.0,345.0,377.0,Time Series,0.06,-0.01,-0.04,https://db-engines.com/en/system/SiteWhere,,SiteWhere,M2M integration platform for persisting/querying time series data,2010.0,,Open Source,Common Public Attribution License Version 1.0,no,2010,,Y,N
chDB,351.0,354.0,,"Relational, Multi-model",0.06,+0.01,,https://db-engines.com/en/system/chDB,"Relational DBMS,Time Series DBMS",,An embedded SQL OLAP Engine powered by ClickHouse,2023.0,,Open Source,Apache Version 2.0,no,2023,,Y,N
Machbase Neo,352.0,348.0,288.0,Time Series,0.06,+0.00,-0.37,https://db-engines.com/en/system/Machbase+Neo,,Machbase,TimeSeries DBMS for AIoT and BigData,2013.0,"V8.0, August 2023",commercial,free test version available,no,2013,2023,N,N
Warp 10,353.0,349.0,364.0,Time Series,0.06,+0.00,-0.08,https://db-engines.com/en/system/Warp+10,,SenX,"TimeSeries DBMS specialized on timestamped geo data based on,LevelDB,or HBase",2015.0,,Open Source,Apache License 2.0,no,2015,,Y,N
Blueflood,354.0,351.0,355.0,Time Series,0.06,+0.00,-0.11,https://db-engines.com/en/system/Blueflood,,Rackspace,Scalable TimeSeries DBMS based on Cassandra,2013.0,,Open Source,Apache 2.0,no,2013,,Y,N
SenseiDB,355.0,355.0,356.0,Document,0.05,+0.00,-0.12,https://db-engines.com/en/system/SenseiDB,,,,2010.0,,Open Source,Apache Version 2,no,2010,,Y,N
Tigris,356.0,358.0,349.0,Multi-model,0.05,+0.00,-0.15,https://db-engines.com/en/system/Tigris,"Document store,Key-value store,Search engine,Time Series DBMS","Tigris Data, Inc.","A horizontally scalable, ACID transactional, document database available both as a fully managed cloud service and for deployment on self-managed infrastructure",2022.0,,Open Source,Apache Version 2.0,no,2022,,Y,N
Elliptics,357.0,355.0,272.0,Key-value,0.04,-0.01,-0.49,https://db-engines.com/en/system/Elliptics,,,Distributed Key-value Store,2009.0,,Open Source,,no,2009,,Y,N
OushuDB,358.0,359.0,369.0,Relational,0.04,0.00,-0.09,https://db-engines.com/en/system/OushuDB,,Oushu,"A data warehouse powered by,Apache HAWQ,supporting descriptive analysis and advanced machine learning",,"4.0.1, August 2020",commercial,,no,,2020,N,N
Transbase,359.0,357.0,310.0,Relational,0.04,-0.01,-0.29,https://db-engines.com/en/system/Transbase,,Transaction Software GmbH,"A resource-optimized, high-performance, universally applicable RDBMS",1987.0,"Transbase 8.3, 2022",commercial,free development license,no,1987,2022,N,N
ArcadeDB,360.0,379.0,341.0,Multi-model,0.03,+0.03,-0.20,https://db-engines.com/en/system/ArcadeDB,"Document store,Graph DBMS,Key-value store,Time Series DBMS",Arcade Data,"Fast and scalable multi-model DBMS, originally forked from,OrientDB,but most of the code has been rewritten",2021.0,September 2021,Open Source,Apache Version 2.0,no,2021,2021,Y,N
WakandaDB,361.0,361.0,381.0,Object oriented,0.03,+0.00,-0.05,https://db-engines.com/en/system/WakandaDB,,Wakanda SAS,WakandaDB is embedded in a server that provides a REST API and a server-side javascript engine to access data,2012.0,"2.7.0 (April 29, 2019), April 2019",Open Source,"AGPLv3, extended commercial license available",no,2012,2019,Y,N
JethroData,362.0,363.0,404.0,Relational,0.03,+0.00,+0.02,https://db-engines.com/en/system/JethroData,,JethroData,SQL Query Engine for Hadoop,2013.0,,commercial,,no,2013,,N,N
NosDB,362.0,360.0,373.0,Document,0.03,-0.01,-0.08,https://db-engines.com/en/system/NosDB,,Alachisoft,"Scalable JSON based,document store,for .NET",2016.0,,Open Source,Professional and Enterprise Versions available,no,2016,,Y,N
STSdb,362.0,363.0,308.0,Key-value,0.03,+0.00,-0.30,https://db-engines.com/en/system/STSdb,,STS Soft SC,Key-Value Store with special method for indexing,2011.0,"4.0.8, September 2015",Open Source,"GPLv2, commercial license available",no,2011,2015,Y,N
JaguarDB,365.0,380.0,380.0,Multi-model,0.03,+0.02,-0.06,https://db-engines.com/en/system/JaguarDB,"Key-value store,Vector DBMS","DataJaguar, Inc.","Performant, highly scalable DBMS for AI and IoT applications",2015.0,3.3 July 2023,Open Source,GPL V3.0,no,2015,2023,Y,N
Transwarp KunDB,366.0,374.0,342.0,Relational,0.02,+0.01,-0.20,https://db-engines.com/en/system/Transwarp+KunDB,,Transwarp,"OLTP DBMS based on a distributed architecture and highly compatible with,MySQL,and,Oracle",,,commercial,,no,,,N,N
Transwarp ArgoDB,367.0,362.0,378.0,"Relational, Multi-model",0.02,0.00,-0.07,https://db-engines.com/en/system/Transwarp+ArgoDB,"Relational DBMS,Search engine",Transwarp,Distributed Analytical Database to replace Hadoop+MPP hybrid architecture,,,commercial,,no,,,N,N
Heroic,368.0,365.0,249.0,Time Series,0.02,+0.00,-0.71,https://db-engines.com/en/system/Heroic,,Spotify,"Time Series DBMS built at Spotify based on Cassandra or,Google Cloud Bigtable,, and,ElasticSearch",2014.0,,Open Source,Apache 2.0,no,2014,,Y,N
Faircom EDGE,369.0,366.0,388.0,Multi-model,0.02,+0.00,-0.04,https://db-engines.com/en/system/Faircom+EDGE,"Key-value store,Relational DBMS",FairCom Corporation,"FairCom EDGE is an Industry 4.0 solution built to integrate, collect, aggregate and synchronize mission-critical data in edge computing environments",1979.0,"V3, October 2020",commercial,"Restricted, free version available",no,1979,2020,N,N
SmallSQL,370.0,367.0,400.0,Relational,0.02,+0.00,+0.00,https://db-engines.com/en/system/SmallSQL,,,,2005.0,,Open Source,L-GPL,no,2005,,Y,N
SparkleDB,371.0,368.0,402.0,RDF,0.02,+0.00,+0.00,https://db-engines.com/en/system/SparkleDB,,,,2012.0,,commercial,,no,2012,,N,N
gStore,372.0,370.0,368.0,Multi-model,0.02,+0.00,-0.11,https://db-engines.com/en/system/gStore,"Graph DBMS,RDF store",,"A native,Graph DBMS,to store and maintain very large RDF datasets.",2016.0,"1.2, November 2023",Open Source,BSD,no,2016,2023,Y,N
Resin Cache,373.0,369.0,403.0,Key-value,0.02,0.00,+0.00,https://db-engines.com/en/system/Resin+Cache,,,Distributed cache as part of an application server,1998.0,"4.0.66, December 2021",Open Source,"GPLv3, extended commercial license available",no,1998,2021,Y,N
Acebase,374.0,372.0,375.0,Document,0.01,+0.00,-0.09,https://db-engines.com/en/system/Acebase,,,"A fast, low memory, transactional,Document Store,, inspired by,Firebase Realtime Database",2018.0,,Open Source,MIT License,no,2018,,Y,N
SWC-DB,375.0,375.0,393.0,"Wide column, Multi-model",0.01,+0.00,-0.04,https://db-engines.com/en/system/SWC-DB,"Wide column store,Time Series DBMS",Alex Kashirin,"A high performance, scalable,Wide Column DBMS",2020.0,"0.5, April 2021",Open Source,GPL V3,no,2020,2021,Y,N
Kuzu,376.0,381.0,,Graph,0.01,+0.00,,https://db-engines.com/en/system/Kuzu,,,"An embeddable property,Graph DBMS,built for query speed and scalability",2022.0,"0.4.2, May 2024",Open Source,MIT license,no,2022,2024,Y,N
Dydra,377.0,377.0,326.0,RDF,0.01,+0.00,-0.26,https://db-engines.com/en/system/Dydra,,,,2010.0,,commercial,,no,2010,,N,N
Eloquera,377.0,377.0,352.0,Object oriented,0.01,+0.00,-0.17,https://db-engines.com/en/system/Eloquera,,,,2008.0,6.3.3; January 2014,commercial,free licenses,no,2008,2014,N,N
ReductStore,379.0,388.0,,Time Series,0.01,+0.01,,https://db-engines.com/en/system/ReductStore,,ReductStore LLC,"Designed to manage unstructured time-series data efficiently, providing unique features such as storing time-stamped blobs with labels, customizable data retention policies, and a straightforward FIFO quota system.",2023.0,"1.9, March 2024",Open Source,Business Source License 1.1,no,2023,2024,Y,N
Hawkular Metrics,380.0,373.0,386.0,Time Series,0.0,-0.01,-0.07,https://db-engines.com/en/system/Hawkular+Metrics,,Community supported by Red Hat,Hawkular metrics is the metric storage of the Red Hat sponsored Hawkular monitoring system. It is based on Cassandra.,2014.0,,Open Source,Apache 2.0,no,2014,,Y,N
Indica,381.0,382.0,370.0,Search engine,0.0,0.00,-0.12,https://db-engines.com/en/system/Indica,,,Enterprise Search Engine,2014.0,,commercial,parts of it are open source,no,2014,,N,N
Siaqodb,382.0,385.0,362.0,Object oriented,0.0,+0.00,-0.15,https://db-engines.com/en/system/Siaqodb,,,,,,commercial,,no,,,N,N
Sadas Engine,383.0,383.0,385.0,Relational,0.0,0.00,-0.07,https://db-engines.com/en/system/Sadas+Engine,,SADAS s.r.l.,SADAS Engine is a columnar DBMS specifically designed for high performance in data warehouse environments,2006.0,8.0,commercial,free trial version available,no,2006,,N,N
LedisDB,384.0,386.0,394.0,Key-value,0.0,+0.00,-0.05,https://db-engines.com/en/system/LedisDB,,,,2014.0,,Open Source,MIT-License,no,2014,,Y,N
SwayDB,385.0,387.0,395.0,Key-value,0.0,+0.00,-0.04,https://db-engines.com/en/system/SwayDB,,Simer Plaha,"An embeddable, non-blocking, type-safe,key-value store,for single or multiple disks and in-memory storage",2018.0,,Open Source,GNU Affero GPL V3.0,no,2018,,Y,N
ActorDB,386.0,388.0,397.0,Relational,0.0,±0.00,-0.03,https://db-engines.com/en/system/ActorDB,,,"A distributed, consistent,RDBMS",2014.0,,Open Source,Mozilla Public License 2.0,no,2014,,Y,N
BergDB,386.0,388.0,405.0,Key-value,0.0,±0.00,±0.00,https://db-engines.com/en/system/BergDB,,,BergDB is a Java/.NET in-process time-key-value store.,2013.0,,Open Source,Gnu Affero General Public License (AGPL),no,2013,,Y,N
BrightstarDB,386.0,388.0,371.0,RDF,0.0,±0.00,-0.12,https://db-engines.com/en/system/BrightstarDB,,,,2012.0,,Open Source,,no,2012,,Y,N
Cachelot.io,386.0,388.0,389.0,Key-value,0.0,±0.00,-0.06,https://db-engines.com/en/system/Cachelot.io,,,In-memory caching system,2015.0,,Open Source,Simplified BSD License,no,2015,,Y,N
CortexDB,386.0,388.0,405.0,Multi-model,0.0,±0.00,±0.00,https://db-engines.com/en/system/CortexDB,"Document store,Key-value store",,,2014.0,,commercial,,no,2014,,N,N
CovenantSQL,386.0,388.0,405.0,Relational,0.0,±0.00,±0.00,https://db-engines.com/en/system/CovenantSQL,,,"A decentralized blockchain,relational DBMS,, built with,SQLite",2018.0,,Open Source,,no,2018,,Y,N
DaggerDB,386.0,388.0,405.0,Relational,0.0,±0.00,±0.00,https://db-engines.com/en/system/DaggerDB,,,Simple olap analytics DBMS built for high performance querying in real time,2014.0,,commercial,,no,2014,,N,N
DataFS,386.0,376.0,384.0,"Object oriented, Multi-model",0.0,-0.01,-0.07,https://db-engines.com/en/system/DataFS,"Object oriented DBMS,Graph DBMS",Mobiland AG,All data is stored inside objects which are linked by so-called link attributes. Objects consist of classes which can be extended and de-extended at runtime. Graphs can be defined with a struct.,2018.0,"1.1.263, October 2022",commercial,,no,2018,2022,N,N
Edge Intelligence,386.0,388.0,397.0,Relational,0.0,±0.00,-0.03,https://db-engines.com/en/system/Edge+Intelligence,,Adapdix,A Big Data Analytics Platform,2012.0,,commercial,,no,2012,,N,N
EdgelessDB,386.0,388.0,405.0,Relational,0.0,±0.00,±0.00,https://db-engines.com/en/system/EdgelessDB,,Edgeless Systems,"A,MariaDB,-based, confidential,RDBMS,that runs entirely inside runtime-encrypted Intel SGX enclaves",2021.0,,Open Source,GPL V2,no,2021,,Y,N
Galaxybase,386.0,388.0,383.0,Graph,0.0,±0.00,-0.07,https://db-engines.com/en/system/Galaxybase,,"Chuanglin(Createlink) Technology Co., Ltd 浙江创邻科技有限公司","Scalable, ACID-compliant native distributed parallel graph platform",2017.0,"Nov 20, November 2021",commercial,,no,2017,2021,N,N
H2GIS,386.0,388.0,350.0,"Spatial, Multi-model",0.0,±0.00,-0.19,https://db-engines.com/en/system/H2GIS,"Spatial DBMS,Relational DBMS",CNRS,"Spatial extension of,H2",2013.0,,Open Source,LGPL 3.0,no,2013,,Y,N
Helium,386.0,388.0,405.0,Key-value,0.0,±0.00,±0.00,https://db-engines.com/en/system/Helium,,Levyx Inc.,Cost efficient key-value store,2013.0,,commercial,,no,2013,,N,N
HGraphDB,386.0,388.0,405.0,Graph,0.0,±0.00,±0.00,https://db-engines.com/en/system/HGraphDB,,,HGraphDB is a client layer for using HBase as a graph database by implementing the Tinkerpop 3 interfaces,2016.0,,Open Source,Apache 2.0,no,2016,,Y,N
HyperLevelDB,386.0,388.0,353.0,Key-value,0.0,±0.00,-0.18,https://db-engines.com/en/system/HyperLevelDB,,,"A fork of Google's,LevelDB",2010.0,,Open Source,,no,2010,,Y,N
iBoxDB,386.0,388.0,390.0,Document,0.0,±0.00,-0.05,https://db-engines.com/en/system/iBoxDB,,,Transactional embedded database for desktop and mobile applications.,2013.0,,Open Source,,no,2013,,Y,N
InfinityDB,386.0,384.0,372.0,Key-value,0.0,0.00,-0.12,https://db-engines.com/en/system/InfinityDB,,Boiler Bay Inc.,"A Java embedded,Key-Value Store,which extends the Java Map interface",2002.0,4.0,commercial,,no,2002,,N,N
JasDB,386.0,388.0,405.0,Document,0.0,±0.00,±0.00,https://db-engines.com/en/system/JasDB,,,,2014.0,,Open Source,,no,2014,,Y,N
K-DB,386.0,388.0,405.0,Relational,0.0,±0.00,±0.00,https://db-engines.com/en/system/K-DB,,Inspur Group,"Oracle compatible DBMS for Inspur's own K1 mainframe, available in China",,,commercial,,no,,,N,N
Linter,386.0,371.0,346.0,"Relational, Multi-model",0.0,-0.01,-0.21,https://db-engines.com/en/system/Linter,"Relational DBMS,Spatial DBMS",relex.ru,RDBMS for high security requirements,1990.0,,commercial,,no,1990,,N,N
Newts,386.0,388.0,396.0,Time Series,0.0,±0.00,-0.03,https://db-engines.com/en/system/Newts,,OpenNMS Group,Time Series DBMS based on Cassandra,2014.0,,Open Source,Apache 2.0,no,2014,,Y,N
NSDb,386.0,388.0,379.0,Time Series,0.0,±0.00,-0.09,https://db-engines.com/en/system/NSDb,,,"Scalable, High-performance,Time Series DBMS,designed for Real-time Analytics on top of Kubernetes",2017.0,,Open Source,Apache Version 2.0,no,2017,,Y,N
openGemini,386.0,388.0,365.0,Time Series,0.0,±0.00,-0.14,https://db-engines.com/en/system/openGemini,,Huawei and openGemini community,"An open source distributed,Time Series DBMS,with high concurrency, high performance, and high scalability",2022.0,"1.1, July 2023",Open Source,Apache Version 2.0,no,2022,2023,Y,N
OpenTenBase,386.0,388.0,,Relational,0.0,±0.00,,https://db-engines.com/en/system/OpenTenBase,,"OpenAtom Foundation, previously Tencent","An enterprise-level distributed HTAP open source database based on,PostgreSQL",,"2.5, January 2024",Open Source,BSD-3,no,,2024,Y,N
OrigoDB,386.0,388.0,359.0,Multi-model,0.0,±0.00,-0.15,https://db-engines.com/en/system/OrigoDB,"Document store,Object oriented DBMS",Robert Friberg et al,A fully ACID in-memory object graph database,2009.0,,Open Source,,no,2009,,Y,N
Rizhiyi,386.0,388.0,405.0,"Search engine, Multi-model",0.0,±0.00,±0.00,https://db-engines.com/en/system/Rizhiyi,"Search engine,Time Series DBMS",Rizhiyi,"Used for unified collecting, indexing, and searching of log file data",2014.0,,commercial,,no,2014,,N,N
searchxml,386.0,388.0,405.0,Multi-model,0.0,±0.00,±0.00,https://db-engines.com/en/system/searchxml,"Native XML DBMS,Search engine",informationpartners gmbh,DBMS for structured and unstructured content wrapped with an application server,2015.0,1.0,commercial,,no,2015,,N,N
SiriDB,386.0,388.0,376.0,Time Series,0.0,±0.00,-0.10,https://db-engines.com/en/system/SiriDB,,Cesbit,"Open Source,Time Series DBMS",2017.0,,Open Source,MIT License,no,2017,,Y,N
SpaceTime,386.0,388.0,401.0,"Spatial, Multi-model",0.0,±0.00,-0.02,https://db-engines.com/en/system/SpaceTime,"Spatial DBMS,Relational DBMS",Mireo,SpaceTime is a spatio-temporal DBMS with a focus on performance.,2020.0,,commercial,,no,2020,,N,N
SvectorDB,386.0,388.0,,Vector,0.0,±0.00,,https://db-engines.com/en/system/SvectorDB,,SvectorDB,Serverless cloud-native vector database,2023.0,,commercial,,yes,2023,,N,Y
TerarkDB,386.0,388.0,358.0,Key-value,0.0,±0.00,-0.16,https://db-engines.com/en/system/TerarkDB,,"ByteDance, originally Terark","A,key-value store,forked from,RocksDB,with advanced compression algorithms. It can be used standalone or as a storage engine for,MySQL,and,MongoDB",2016.0,,commercial,restricted open source version available,no,2016,,N,N
Tkrzw,386.0,388.0,392.0,Key-value,0.0,±0.00,-0.05,https://db-engines.com/en/system/Tkrzw,,Mikio Hirabayashi,"A concept of libraries, allowing an application program to store and query key-value pairs in a file. Successor of,Tokyo Cabinet,and,Kyoto Cabinet",2020.0,"0.9.3, August 2020",Open Source,Apache Version 2.0,no,2020,2020,Y,N
TomP2P,386.0,388.0,360.0,Key-value,0.0,±0.00,-0.15,https://db-engines.com/en/system/TomP2P,,,Distributed Key-Value store,2004.0,4.4,Open Source,Apache Version 2,no,2004,,Y,N
Transwarp Hippo,386.0,388.0,374.0,Vector,0.0,±0.00,-0.11,https://db-engines.com/en/system/Transwarp+Hippo,,,"Cloud-native distributed,Vector DBMS,that supports storage, retrieval, and management of massive vector-based datasets",2023.0,"1.0, May 2023",commercial,,no,2023,2023,N,N
Transwarp StellarDB,386.0,388.0,382.0,Graph,0.0,±0.00,-0.08,https://db-engines.com/en/system/Transwarp+StellarDB,,Transwarp,A distributed graph DBMS built for enterprise-level graph applications,,,commercial,,no,,,N,N
Upscaledb,386.0,388.0,366.0,Key-value,0.0,±0.00,-0.14,https://db-engines.com/en/system/Upscaledb,,,"An embedded,key-value store,with SQL-style analytical functions",2007.0,,Open Source,Apache Version 2,no,2007,,Y,N
VelocityDB,386.0,388.0,351.0,Multi-model,0.0,±0.00,-0.19,https://db-engines.com/en/system/VelocityDB,"Graph DBMS,Object oriented DBMS",VelocityDB Inc,A .NET Object Database that can be embedded/distributed and extended to a graph data model (VelocityGraph),2011.0,7.x,commercial,,no,2011,,N,N
WhiteDB,386.0,388.0,397.0,Document,0.0,±0.00,-0.03,https://db-engines.com/en/system/WhiteDB,,,,2008.0,,Open Source,GPL V3,no,2008,,Y,N
